 k(Mpc^-1)     CL=0.4515     CL=0.5763     CL=0.6827     CL=0.7699     CL=0.8385     CL=0.8904     CL=0.9281     CL=0.9545     CL=0.9722     CL=0.9836     CL=0.9907     CL=0.9949     CL=0.9973
 0.2870652E+08 0.5079737E-07 0.0000000E+00 0.0000000E+00 0.0000000E+00 0.0000000E+00 0.0000000E+00 0.0000000E+00 0.0000000E+00 0.0000000E+00 0.0000000E+00 0.0000000E+00 0.0000000E+00 0.0000000E+00
 0.2648801E+08 0.4882738E-07 0.0000000E+00 0.0000000E+00 0.0000000E+00 0.0000000E+00 0.0000000E+00 0.0000000E+00 0.0000000E+00 0.0000000E+00 0.0000000E+00 0.0000000E+00 0.0000000E+00 0.0000000E+00
 0.2444096E+08 0.4702881E-07 0.0000000E+00 0.0000000E+00 0.0000000E+00 0.0000000E+00 0.0000000E+00 0.0000000E+00 0.0000000E+00 0.0000000E+00 0.0000000E+00 0.0000000E+00 0.0000000E+00 0.0000000E+00
 0.2255211E+08 0.4538097E-07 0.0000000E+00 0.0000000E+00 0.0000000E+00 0.0000000E+00 0.0000000E+00 0.0000000E+00 0.0000000E+00 0.0000000E+00 0.0000000E+00 0.0000000E+00 0.0000000E+00 0.0000000E+00
 0.2080923E+08 0.4386695E-07 0.5328035E-07 0.0000000E+00 0.0000000E+00 0.0000000E+00 0.0000000E+00 0.0000000E+00 0.0000000E+00 0.0000000E+00 0.0000000E+00 0.0000000E+00 0.0000000E+00 0.0000000E+00
 0.1920105E+08 0.4247169E-07 0.5118721E-07 0.0000000E+00 0.0000000E+00 0.0000000E+00 0.0000000E+00 0.0000000E+00 0.0000000E+00 0.0000000E+00 0.0000000E+00 0.0000000E+00 0.0000000E+00 0.0000000E+00
 0.1771715E+08 0.4118246E-07 0.4927824E-07 0.5442066E-07 0.0000000E+00 0.0000000E+00 0.0000000E+00 0.0000000E+00 0.0000000E+00 0.0000000E+00 0.0000000E+00 0.0000000E+00 0.0000000E+00 0.0000000E+00
 0.1634793E+08 0.3998809E-07 0.4753169E-07 0.5227548E-07 0.5593739E-07 0.0000000E+00 0.0000000E+00 0.0000000E+00 0.0000000E+00 0.0000000E+00 0.0000000E+00 0.0000000E+00 0.0000000E+00 0.0000000E+00
 0.1508452E+08 0.3887943E-07 0.4592841E-07 0.5031981E-07 0.5368916E-07 0.5649940E-07 0.0000000E+00 0.0000000E+00 0.0000000E+00 0.0000000E+00 0.0000000E+00 0.0000000E+00 0.0000000E+00 0.0000000E+00
 0.1391876E+08 0.3784797E-07 0.4445232E-07 0.4853119E-07 0.5164279E-07 0.5422637E-07 0.5647702E-07 0.0000000E+00 0.0000000E+00 0.0000000E+00 0.0000000E+00 0.0000000E+00 0.0000000E+00 0.0000000E+00
 0.1284309E+08 0.3688647E-07 0.4308946E-07 0.4688985E-07 0.4977318E-07 0.5215746E-07 0.5422754E-07 0.5607825E-07 0.0000000E+00 0.0000000E+00 0.0000000E+00 0.0000000E+00 0.0000000E+00 0.0000000E+00
 0.1185054E+08 0.3598840E-07 0.4182836E-07 0.4537922E-07 0.4805989E-07 0.5026805E-07 0.5217904E-07 0.5388271E-07 0.5543910E-07 0.5687796E-07 0.0000000E+00 0.0000000E+00 0.0000000E+00 0.0000000E+00
 0.1093471E+08 0.3514841E-07 0.4065853E-07 0.4398490E-07 0.4648484E-07 0.4853659E-07 0.5030692E-07 0.5188108E-07 0.5331583E-07 0.5463909E-07 0.5587331E-07 0.5704263E-07 0.5814599E-07 0.0000000E+00
 0.1008965E+08 0.3436137E-07 0.3957102E-07 0.4269506E-07 0.4503280E-07 0.4694503E-07 0.4859016E-07 0.5004993E-07 0.5137732E-07 0.5259918E-07 0.5373676E-07 0.5481269E-07 0.5582631E-07 0.5679016E-07
 0.9309899E+07 0.3362286E-07 0.3855787E-07 0.4149890E-07 0.4369049E-07 0.4547774E-07 0.4701159E-07 0.4836915E-07 0.4960134E-07 0.5073376E-07 0.5178608E-07 0.5277982E-07 0.5371464E-07 0.5460232E-07
 0.8590409E+07 0.3292882E-07 0.3761253E-07 0.4038723E-07 0.4244702E-07 0.4412190E-07 0.4555584E-07 0.4682233E-07 0.4796972E-07 0.4902244E-07 0.4999892E-07 0.5091994E-07 0.5178518E-07 0.5260573E-07
 0.7926523E+07 0.3227595E-07 0.3672879E-07 0.3935184E-07 0.4129237E-07 0.4286583E-07 0.4420991E-07 0.4539472E-07 0.4646626E-07 0.4744761E-07 0.4835701E-07 0.4921340E-07 0.5001691E-07 0.5077802E-07
 0.7313944E+07 0.3166098E-07 0.3590132E-07 0.3838599E-07 0.4021797E-07 0.4169960E-07 0.4296238E-07 0.4407383E-07 0.4507724E-07 0.4599485E-07 0.4684405E-07 0.4764274E-07 0.4839123E-07 0.4909946E-07
 0.6748706E+07 0.3108105E-07 0.3512525E-07 0.3748331E-07 0.3921618E-07 0.4061438E-07 0.4180386E-07 0.4284869E-07 0.4379068E-07 0.4465113E-07 0.4544626E-07 0.4619323E-07 0.4689249E-07 0.4755345E-07
 0.6227151E+07 0.3053353E-07 0.3439660E-07 0.3663830E-07 0.3828072E-07 0.3960293E-07 0.4072565E-07 0.4171026E-07 0.4259669E-07 0.4340536E-07 0.4415157E-07 0.4485199E-07 0.4550701E-07 0.4612555E-07
 0.5745903E+07 0.3001628E-07 0.3371149E-07 0.3584597E-07 0.3740561E-07 0.3865839E-07 0.3972028E-07 0.4065013E-07 0.4148615E-07 0.4224774E-07 0.4295006E-07 0.4360844E-07 0.4422357E-07 0.4480392E-07
 0.5301847E+07 0.2952712E-07 0.3306653E-07 0.3510224E-07 0.3658571E-07 0.3777488E-07 0.3878103E-07 0.3966110E-07 0.4045122E-07 0.4117019E-07 0.4183252E-07 0.4245283E-07 0.4303185E-07 0.4357769E-07
 0.4892109E+07 0.2906413E-07 0.3245859E-07 0.3440310E-07 0.3581630E-07 0.3694705E-07 0.3790241E-07 0.3873666E-07 0.3948489E-07 0.4016516E-07 0.4079110E-07 0.4137679E-07 0.4192304E-07 0.4243758E-07
 0.4514036E+07 0.2862553E-07 0.3188514E-07 0.3374509E-07 0.3509356E-07 0.3617053E-07 0.3707911E-07 0.3787150E-07 0.3858139E-07 0.3922615E-07 0.3981872E-07 0.4037285E-07 0.4088926E-07 0.4137533E-07
 0.4165181E+07 0.2820988E-07 0.3134363E-07 0.3312500E-07 0.3441370E-07 0.3544107E-07 0.3630657E-07 0.3706049E-07 0.3773519E-07 0.3834728E-07 0.3890959E-07 0.3943487E-07 0.3992404E-07 0.4038414E-07
 0.3843287E+07 0.2781567E-07 0.3083181E-07 0.3254024E-07 0.3377344E-07 0.3475495E-07 0.3558059E-07 0.3629919E-07 0.3694153E-07 0.3752373E-07 0.3805814E-07 0.3855699E-07 0.3902121E-07 0.3945756E-07
 0.3546269E+07 0.2744159E-07 0.3034758E-07 0.3198816E-07 0.3316974E-07 0.3410876E-07 0.3489777E-07 0.3558352E-07 0.3619602E-07 0.3675083E-07 0.3725959E-07 0.3773415E-07 0.3817547E-07 0.3859004E-07
 0.3272205E+07 0.2708636E-07 0.2988928E-07 0.3146648E-07 0.3260015E-07 0.3349974E-07 0.3425470E-07 0.3491019E-07 0.3549512E-07 0.3602453E-07 0.3650952E-07 0.3696171E-07 0.3738196E-07 0.3777650E-07
 0.3019322E+07 0.2674900E-07 0.2945514E-07 0.3097305E-07 0.3206215E-07 0.3292509E-07 0.3364845E-07 0.3427587E-07 0.3483529E-07 0.3534110E-07 0.3580436E-07 0.3623591E-07 0.3663673E-07 0.3701283E-07
 0.2785982E+07 0.2642844E-07 0.2904364E-07 0.3050615E-07 0.3155359E-07 0.3238238E-07 0.3307625E-07 0.3367772E-07 0.3421347E-07 0.3469751E-07 0.3514055E-07 0.3555301E-07 0.3593588E-07 0.3629494E-07
 0.2570675E+07 0.2612374E-07 0.2865330E-07 0.3006399E-07 0.3107239E-07 0.3186932E-07 0.3253591E-07 0.3311304E-07 0.3362679E-07 0.3409074E-07 0.3451502E-07 0.3490978E-07 0.3527603E-07 0.3561933E-07
 0.2372008E+07 0.2583396E-07 0.2828301E-07 0.2964498E-07 0.3061694E-07 0.3138411E-07 0.3202515E-07 0.3257969E-07 0.3307297E-07 0.3351812E-07 0.3392488E-07 0.3430321E-07 0.3465404E-07 0.3498272E-07
 0.2188694E+07 0.2555845E-07 0.2793150E-07 0.2924764E-07 0.3018550E-07 0.3092482E-07 0.3154199E-07 0.3207545E-07 0.3254963E-07 0.3297719E-07 0.3336782E-07 0.3373088E-07 0.3406737E-07 0.3438248E-07
 0.2019547E+07 0.2529639E-07 0.2759770E-07 0.2887080E-07 0.2977659E-07 0.3048980E-07 0.3108456E-07 0.3159839E-07 0.3205474E-07 0.3246597E-07 0.3284147E-07 0.3319029E-07 0.3351344E-07 0.3381592E-07
 0.1863472E+07 0.2504710E-07 0.2728055E-07 0.2851318E-07 0.2938876E-07 0.3007747E-07 0.3065137E-07 0.3114667E-07 0.3158634E-07 0.3198239E-07 0.3234377E-07 0.3267931E-07 0.3299001E-07 0.3328072E-07
 0.1719458E+07 0.2480990E-07 0.2697928E-07 0.2817369E-07 0.2902090E-07 0.2968660E-07 0.3024086E-07 0.3071885E-07 0.3114290E-07 0.3152467E-07 0.3187275E-07 0.3219587E-07 0.3249495E-07 0.3277467E-07
 0.1586575E+07 0.2458431E-07 0.2669296E-07 0.2785123E-07 0.2867179E-07 0.2931585E-07 0.2985164E-07 0.3031339E-07 0.3072279E-07 0.3109109E-07 0.3142688E-07 0.3173838E-07 0.3202658E-07 0.3229603E-07
 0.1463961E+07 0.2436973E-07 0.2642083E-07 0.2754501E-07 0.2834037E-07 0.2896404E-07 0.2948239E-07 0.2992895E-07 0.3032458E-07 0.3068032E-07 0.3100451E-07 0.3130512E-07 0.3158313E-07 0.3184296E-07
 0.1350823E+07 0.2416565E-07 0.2616211E-07 0.2725410E-07 0.2802560E-07 0.2863004E-07 0.2913210E-07 0.2956422E-07 0.2994691E-07 0.3029092E-07 0.3060421E-07 0.3089460E-07 0.3116305E-07 0.3141386E-07
 0.1246428E+07 0.2397155E-07 0.2591623E-07 0.2697770E-07 0.2772671E-07 0.2831300E-07 0.2879963E-07 0.2921822E-07 0.2958873E-07 0.2992163E-07 0.3022460E-07 0.3050537E-07 0.3076485E-07 0.3100719E-07
 0.1150101E+07 0.2378709E-07 0.2568253E-07 0.2671502E-07 0.2744281E-07 0.2801195E-07 0.2848402E-07 0.2888984E-07 0.2924886E-07 0.2957123E-07 0.2986462E-07 0.3013636E-07 0.3038739E-07 0.3062177E-07
 0.1061219E+07 0.2361182E-07 0.2546043E-07 0.2646548E-07 0.2717313E-07 0.2772605E-07 0.2818429E-07 0.2857812E-07 0.2892631E-07 0.2923880E-07 0.2952311E-07 0.2978632E-07 0.3002941E-07 0.3025630E-07
 0.9792057E+06 0.2344534E-07 0.2524934E-07 0.2622841E-07 0.2691689E-07 0.2745445E-07 0.2789974E-07 0.2828211E-07 0.2862006E-07 0.2892331E-07 0.2919903E-07 0.2945422E-07 0.2968981E-07 0.2990964E-07
 0.9035305E+06 0.2328725E-07 0.2504887E-07 0.2600320E-07 0.2667357E-07 0.2719658E-07 0.2762953E-07 0.2800112E-07 0.2832940E-07 0.2862384E-07 0.2889140E-07 0.2913900E-07 0.2936752E-07 0.2958068E-07
 0.8337036E+06 0.2313732E-07 0.2485851E-07 0.2578926E-07 0.2644249E-07 0.2695169E-07 0.2737296E-07 0.2773435E-07 0.2805346E-07 0.2833951E-07 0.2859947E-07 0.2883990E-07 0.2906174E-07 0.2926862E-07
 0.7692732E+06 0.2299519E-07 0.2467782E-07 0.2558619E-07 0.2622308E-07 0.2671917E-07 0.2712931E-07 0.2748107E-07 0.2779151E-07 0.2806968E-07 0.2832238E-07 0.2855604E-07 0.2877156E-07 0.2897250E-07
 0.7098220E+06 0.2286056E-07 0.2450636E-07 0.2539347E-07 0.2601476E-07 0.2649841E-07 0.2689808E-07 0.2724060E-07 0.2754281E-07 0.2781356E-07 0.2805940E-07 0.2828664E-07 0.2849618E-07 0.2869149E-07
 0.6549654E+06 0.2273313E-07 0.2434384E-07 0.2521065E-07 0.2581715E-07 0.2628896E-07 0.2667864E-07 0.2701245E-07 0.2730685E-07 0.2757051E-07 0.2780978E-07 0.2803093E-07 0.2823481E-07 0.2842479E-07
 0.6043482E+06 0.2261271E-07 0.2418987E-07 0.2503727E-07 0.2562974E-07 0.2609029E-07 0.2647047E-07 0.2679599E-07 0.2708297E-07 0.2733986E-07 0.2757300E-07 0.2778838E-07 0.2798689E-07 0.2817182E-07
 0.5576429E+06 0.2249902E-07 0.2404412E-07 0.2487305E-07 0.2545210E-07 0.2590193E-07 0.2627302E-07 0.2659072E-07 0.2687065E-07 0.2712114E-07 0.2734842E-07 0.2755832E-07 0.2775173E-07 0.2793187E-07
 0.5145470E+06 0.2239185E-07 0.2390624E-07 0.2471759E-07 0.2528379E-07 0.2572341E-07 0.2608594E-07 0.2639609E-07 0.2666931E-07 0.2691378E-07 0.2713548E-07 0.2734018E-07 0.2752875E-07 0.2770434E-07
 0.4747817E+06 0.2229095E-07 0.2377603E-07 0.2457055E-07 0.2512454E-07 0.2555442E-07 0.2590875E-07 0.2621176E-07 0.2647860E-07 0.2671728E-07 0.2693363E-07 0.2713337E-07 0.2731734E-07 0.2748861E-07
 0.4380895E+06 0.2219619E-07 0.2365319E-07 0.2443157E-07 0.2497395E-07 0.2539454E-07 0.2574105E-07 0.2603725E-07 0.2629802E-07 0.2653115E-07 0.2674249E-07 0.2693753E-07 0.2711712E-07 0.2728428E-07
 0.4042330E+06 0.2210735E-07 0.2353745E-07 0.2430045E-07 0.2483170E-07 0.2524342E-07 0.2558242E-07 0.2587219E-07 0.2612716E-07 0.2635504E-07 0.2656158E-07 0.2675213E-07 0.2692756E-07 0.2709080E-07
 0.3729929E+06 0.2202425E-07 0.2342855E-07 0.2417687E-07 0.2469744E-07 0.2510068E-07 0.2543261E-07 0.2571615E-07 0.2596560E-07 0.2618852E-07 0.2639048E-07 0.2657676E-07 0.2674821E-07 0.2690774E-07
 0.3441672E+06 0.2194671E-07 0.2332635E-07 0.2406059E-07 0.2457098E-07 0.2496613E-07 0.2529126E-07 0.2556889E-07 0.2581306E-07 0.2603122E-07 0.2622875E-07 0.2641096E-07 0.2657863E-07 0.2673460E-07
 0.3175692E+06 0.2187464E-07 0.2323060E-07 0.2395131E-07 0.2445201E-07 0.2483942E-07 0.2515806E-07 0.2543004E-07 0.2566918E-07 0.2588273E-07 0.2607615E-07 0.2625447E-07 0.2641853E-07 0.2657112E-07
 0.2930268E+06 0.2180786E-07 0.2314110E-07 0.2384890E-07 0.2434028E-07 0.2472030E-07 0.2503267E-07 0.2529931E-07 0.2553364E-07 0.2574285E-07 0.2593228E-07 0.2610689E-07 0.2626751E-07 0.2641687E-07
 0.2703810E+06 0.2174624E-07 0.2305765E-07 0.2375311E-07 0.2423553E-07 0.2460846E-07 0.2491494E-07 0.2517637E-07 0.2540611E-07 0.2561120E-07 0.2579683E-07 0.2596791E-07 0.2612524E-07 0.2627152E-07
 0.2494854E+06 0.2168963E-07 0.2298015E-07 0.2366374E-07 0.2413762E-07 0.2450377E-07 0.2480456E-07 0.2506106E-07 0.2528640E-07 0.2548752E-07 0.2566947E-07 0.2583716E-07 0.2599135E-07 0.2613469E-07
 0.2302046E+06 0.2163796E-07 0.2290840E-07 0.2358058E-07 0.2404630E-07 0.2440596E-07 0.2470131E-07 0.2495309E-07 0.2517422E-07 0.2537150E-07 0.2555001E-07 0.2571447E-07 0.2586566E-07 0.2600618E-07
 0.2124139E+06 0.2159110E-07 0.2284225E-07 0.2350352E-07 0.2396139E-07 0.2431483E-07 0.2460492E-07 0.2485223E-07 0.2506933E-07 0.2526298E-07 0.2543817E-07 0.2559953E-07 0.2574785E-07 0.2588568E-07
 0.1959980E+06 0.2154894E-07 0.2278154E-07 0.2343236E-07 0.2388268E-07 0.2423015E-07 0.2451529E-07 0.2475822E-07 0.2497147E-07 0.2516168E-07 0.2533368E-07 0.2549209E-07 0.2563766E-07 0.2577292E-07
 0.1808509E+06 0.2151137E-07 0.2272620E-07 0.2336697E-07 0.2381006E-07 0.2415182E-07 0.2443217E-07 0.2467095E-07 0.2488052E-07 0.2506739E-07 0.2523630E-07 0.2539187E-07 0.2553482E-07 0.2566762E-07
 0.1668743E+06 0.2147835E-07 0.2267608E-07 0.2330716E-07 0.2374336E-07 0.2407963E-07 0.2435539E-07 0.2459020E-07 0.2479623E-07 0.2497987E-07 0.2514591E-07 0.2529876E-07 0.2543919E-07 0.2556963E-07
 0.1539779E+06 0.2144977E-07 0.2263106E-07 0.2325288E-07 0.2368243E-07 0.2401344E-07 0.2428476E-07 0.2451579E-07 0.2471843E-07 0.2489901E-07 0.2506225E-07 0.2521251E-07 0.2535053E-07 0.2547871E-07
 0.1420782E+06 0.2142556E-07 0.2259101E-07 0.2320396E-07 0.2362709E-07 0.2395305E-07 0.2422018E-07 0.2444753E-07 0.2464691E-07 0.2482459E-07 0.2498516E-07 0.2513292E-07 0.2526864E-07 0.2539466E-07
 0.1310980E+06 0.2140561E-07 0.2255589E-07 0.2316029E-07 0.2357730E-07 0.2389841E-07 0.2416149E-07 0.2438533E-07 0.2458159E-07 0.2475646E-07 0.2491442E-07 0.2505979E-07 0.2519329E-07 0.2531724E-07
 0.1209665E+06 0.2138992E-07 0.2252559E-07 0.2312174E-07 0.2353289E-07 0.2384935E-07 0.2410854E-07 0.2432902E-07 0.2452229E-07 0.2469442E-07 0.2484995E-07 0.2499304E-07 0.2512442E-07 0.2524638E-07
 0.1116179E+06 0.2137840E-07 0.2250002E-07 0.2308827E-07 0.2349377E-07 0.2380576E-07 0.2406118E-07 0.2427846E-07 0.2446886E-07 0.2463841E-07 0.2479157E-07 0.2493247E-07 0.2506181E-07 0.2518187E-07
 0.1029919E+06 0.2137099E-07 0.2247907E-07 0.2305976E-07 0.2345979E-07 0.2376749E-07 0.2401936E-07 0.2423351E-07 0.2442115E-07 0.2458825E-07 0.2473915E-07 0.2487793E-07 0.2500533E-07 0.2512356E-07
 0.9503241E+05 0.2136761E-07 0.2246273E-07 0.2303613E-07 0.2343094E-07 0.2373452E-07 0.2398294E-07 0.2419411E-07 0.2437911E-07 0.2454383E-07 0.2469251E-07 0.2482927E-07 0.2495479E-07 0.2507127E-07
 0.8768810E+05 0.2136828E-07 0.2245090E-07 0.2301726E-07 0.2340709E-07 0.2370671E-07 0.2395183E-07 0.2416014E-07 0.2434260E-07 0.2450499E-07 0.2465161E-07 0.2478644E-07 0.2491016E-07 0.2502496E-07
 0.8091137E+05 0.2137293E-07 0.2244353E-07 0.2300314E-07 0.2338815E-07 0.2368397E-07 0.2392588E-07 0.2413148E-07 0.2431150E-07 0.2447169E-07 0.2461631E-07 0.2474927E-07 0.2487127E-07 0.2498446E-07
 0.7465836E+05 0.2138152E-07 0.2244053E-07 0.2299369E-07 0.2337404E-07 0.2366620E-07 0.2390509E-07 0.2410802E-07 0.2428570E-07 0.2444381E-07 0.2458651E-07 0.2471768E-07 0.2483802E-07 0.2494966E-07
 0.6888860E+05 0.2139398E-07 0.2244191E-07 0.2298884E-07 0.2336474E-07 0.2365338E-07 0.2388934E-07 0.2408974E-07 0.2426517E-07 0.2442126E-07 0.2456207E-07 0.2469152E-07 0.2481028E-07 0.2492043E-07
 0.6356473E+05 0.2141035E-07 0.2244759E-07 0.2298851E-07 0.2336015E-07 0.2364543E-07 0.2387857E-07 0.2407653E-07 0.2424980E-07 0.2440391E-07 0.2454298E-07 0.2467078E-07 0.2478801E-07 0.2489674E-07
 0.5865231E+05 0.2143057E-07 0.2245754E-07 0.2299270E-07 0.2336024E-07 0.2364227E-07 0.2387267E-07 0.2406833E-07 0.2423952E-07 0.2439176E-07 0.2452913E-07 0.2465535E-07 0.2477111E-07 0.2487846E-07
 0.5411953E+05 0.2145461E-07 0.2247169E-07 0.2300135E-07 0.2336490E-07 0.2364382E-07 0.2387165E-07 0.2406503E-07 0.2423423E-07 0.2438471E-07 0.2452044E-07 0.2464514E-07 0.2475949E-07 0.2486553E-07
 0.4993705E+05 0.2148245E-07 0.2249006E-07 0.2301441E-07 0.2337417E-07 0.2365009E-07 0.2387543E-07 0.2406665E-07 0.2423393E-07 0.2438269E-07 0.2451681E-07 0.2464005E-07 0.2475305E-07 0.2485783E-07
 0.4607781E+05 0.2151411E-07 0.2251261E-07 0.2303182E-07 0.2338796E-07 0.2366101E-07 0.2388395E-07 0.2407310E-07 0.2423855E-07 0.2438561E-07 0.2451825E-07 0.2464009E-07 0.2475180E-07 0.2485536E-07
 0.4251681E+05 0.2154956E-07 0.2253930E-07 0.2305361E-07 0.2340625E-07 0.2367654E-07 0.2389714E-07 0.2408433E-07 0.2424802E-07 0.2439349E-07 0.2452468E-07 0.2464517E-07 0.2475563E-07 0.2485803E-07
 0.3923102E+05 0.2158878E-07 0.2257010E-07 0.2307973E-07 0.2342898E-07 0.2369661E-07 0.2391503E-07 0.2410028E-07 0.2426227E-07 0.2440625E-07 0.2453605E-07 0.2465525E-07 0.2476451E-07 0.2486579E-07
 0.3619916E+05 0.2163176E-07 0.2260504E-07 0.2311015E-07 0.2345617E-07 0.2372126E-07 0.2393756E-07 0.2412097E-07 0.2428133E-07 0.2442384E-07 0.2455227E-07 0.2467023E-07 0.2477835E-07 0.2487855E-07
 0.3340161E+05 0.2167855E-07 0.2264409E-07 0.2314483E-07 0.2348778E-07 0.2375043E-07 0.2396469E-07 0.2414635E-07 0.2430514E-07 0.2444621E-07 0.2457339E-07 0.2469016E-07 0.2479717E-07 0.2489635E-07
 0.3082026E+05 0.2172911E-07 0.2268724E-07 0.2318382E-07 0.2352380E-07 0.2378410E-07 0.2399637E-07 0.2417637E-07 0.2433367E-07 0.2447339E-07 0.2459934E-07 0.2471496E-07 0.2482092E-07 0.2491911E-07
 0.2843840E+05 0.2178346E-07 0.2273445E-07 0.2322707E-07 0.2356417E-07 0.2382222E-07 0.2403265E-07 0.2421100E-07 0.2436686E-07 0.2450532E-07 0.2463008E-07 0.2474461E-07 0.2484955E-07 0.2494679E-07
 0.2624062E+05 0.2184158E-07 0.2278579E-07 0.2327459E-07 0.2360896E-07 0.2386485E-07 0.2407348E-07 0.2425028E-07 0.2440476E-07 0.2454197E-07 0.2466558E-07 0.2477905E-07 0.2488302E-07 0.2497935E-07
 0.2421268E+05 0.2190353E-07 0.2284123E-07 0.2332635E-07 0.2365812E-07 0.2391195E-07 0.2411886E-07 0.2429417E-07 0.2444732E-07 0.2458332E-07 0.2470587E-07 0.2481834E-07 0.2492137E-07 0.2501683E-07
 0.2234147E+05 0.2196931E-07 0.2290079E-07 0.2338239E-07 0.2371167E-07 0.2396352E-07 0.2416874E-07 0.2434265E-07 0.2449454E-07 0.2462940E-07 0.2475091E-07 0.2486241E-07 0.2496455E-07 0.2505917E-07
 0.2061487E+05 0.2203893E-07 0.2296443E-07 0.2344272E-07 0.2376956E-07 0.2401952E-07 0.2422320E-07 0.2439571E-07 0.2454639E-07 0.2468018E-07 0.2480069E-07 0.2491127E-07 0.2501256E-07 0.2510638E-07
 0.1902171E+05 0.2211239E-07 0.2303224E-07 0.2350733E-07 0.2383188E-07 0.2408003E-07 0.2428219E-07 0.2445340E-07 0.2460291E-07 0.2473566E-07 0.2485519E-07 0.2496488E-07 0.2506535E-07 0.2515840E-07
 0.1755167E+05 0.2218977E-07 0.2310421E-07 0.2357621E-07 0.2389860E-07 0.2414502E-07 0.2434574E-07 0.2451570E-07 0.2466410E-07 0.2479582E-07 0.2491446E-07 0.2502331E-07 0.2512299E-07 0.2521531E-07
 0.1619524E+05 0.2227107E-07 0.2318036E-07 0.2364945E-07 0.2396974E-07 0.2421451E-07 0.2441382E-07 0.2458261E-07 0.2472996E-07 0.2486072E-07 0.2497849E-07 0.2508653E-07 0.2518546E-07 0.2527708E-07
 0.1494364E+05 0.2235632E-07 0.2326069E-07 0.2372702E-07 0.2404530E-07 0.2428849E-07 0.2448651E-07 0.2465413E-07 0.2480046E-07 0.2493034E-07 0.2504728E-07 0.2515455E-07 0.2525276E-07 0.2534371E-07
 0.1378876E+05 0.2244621E-07 0.2334528E-07 0.2380897E-07 0.2412535E-07 0.2436704E-07 0.2456380E-07 0.2473034E-07 0.2487570E-07 0.2500471E-07 0.2512082E-07 0.2522735E-07 0.2532488E-07 0.2541519E-07
 0.1272313E+05 0.2260731E-07 0.2343414E-07 0.2389529E-07 0.2420989E-07 0.2445015E-07 0.2464571E-07 0.2481122E-07 0.2495566E-07 0.2508381E-07 0.2519920E-07 0.2530502E-07 0.2540190E-07 0.2549160E-07
 0.1173986E+05 0.2293378E-07 0.2352737E-07 0.2398608E-07 0.2429896E-07 0.2453786E-07 0.2473226E-07 0.2489680E-07 0.2504037E-07 0.2516773E-07 0.2528239E-07 0.2538754E-07 0.2548380E-07 0.2557292E-07
 0.1083258E+05 0.2332776E-07 0.2365381E-07 0.2408138E-07 0.2439256E-07 0.2463017E-07 0.2482352E-07 0.2498710E-07 0.2512983E-07 0.2525647E-07 0.2537045E-07 0.2547496E-07 0.2557063E-07 0.2565919E-07
 0.9995412E+04 0.2375300E-07 0.2394456E-07 0.2420249E-07 0.2449132E-07 0.2472718E-07 0.2491950E-07 0.2508220E-07 0.2522414E-07 0.2535006E-07 0.2546336E-07 0.2556726E-07 0.2566237E-07 0.2575041E-07
 0.9222945E+04 0.2420072E-07 0.2433965E-07 0.2448465E-07 0.2465046E-07 0.2483832E-07 0.2502128E-07 0.2518219E-07 0.2532330E-07 0.2544852E-07 0.2556122E-07 0.2566455E-07 0.2575913E-07 0.2584666E-07
 0.8510175E+04 0.2467049E-07 0.2478505E-07 0.2489099E-07 0.2499412E-07 0.2509844E-07 0.2520724E-07 0.2532177E-07 0.2543996E-07 0.2555596E-07 0.2566523E-07 0.2576718E-07 0.2586100E-07 0.2594800E-07
 0.7852490E+04 0.2516717E-07 0.2527196E-07 0.2536481E-07 0.2545022E-07 0.2553053E-07 0.2560728E-07 0.2568142E-07 0.2575391E-07 0.2582504E-07 0.2589510E-07 0.2596486E-07 0.2603361E-07 0.2610149E-07
 0.7245632E+04 0.2570068E-07 0.2580631E-07 0.2589967E-07 0.2598519E-07 0.2606515E-07 0.2614103E-07 0.2621369E-07 0.2628393E-07 0.2635195E-07 0.2641803E-07 0.2648283E-07 0.2654586E-07 0.2660743E-07
 0.6685674E+04 0.2627792E-07 0.2638952E-07 0.2648814E-07 0.2657834E-07 0.2666251E-07 0.2674221E-07 0.2681831E-07 0.2689172E-07 0.2696271E-07 0.2703152E-07 0.2709891E-07 0.2716435E-07 0.2722823E-07
 0.6168990E+04 0.2688671E-07 0.2700253E-07 0.2710467E-07 0.2719795E-07 0.2728493E-07 0.2736726E-07 0.2744585E-07 0.2752169E-07 0.2759501E-07 0.2766608E-07 0.2773568E-07 0.2780328E-07 0.2786927E-07
 0.5692237E+04 0.2751569E-07 0.2763532E-07 0.2774078E-07 0.2783714E-07 0.2792698E-07 0.2801202E-07 0.2809323E-07 0.2817154E-07 0.2824729E-07 0.2832071E-07 0.2839263E-07 0.2846247E-07 0.2853065E-07
 0.5252328E+04 0.2816452E-07 0.2828809E-07 0.2839702E-07 0.2849657E-07 0.2858938E-07 0.2867724E-07 0.2876115E-07 0.2884207E-07 0.2892035E-07 0.2899622E-07 0.2907054E-07 0.2914272E-07 0.2921319E-07
 0.4846417E+04 0.2883394E-07 0.2896161E-07 0.2907417E-07 0.2917704E-07 0.2927296E-07 0.2936376E-07 0.2945048E-07 0.2953412E-07 0.2961502E-07 0.2969345E-07 0.2977028E-07 0.2984490E-07 0.2991775E-07
 0.4471875E+04 0.2952480E-07 0.2965674E-07 0.2977307E-07 0.2987941E-07 0.2997855E-07 0.3007242E-07 0.3016207E-07 0.3024854E-07 0.3033219E-07 0.3041328E-07 0.3049272E-07 0.3056988E-07 0.3064522E-07
 0.4126278E+04 0.3023795E-07 0.3037434E-07 0.3049461E-07 0.3060455E-07 0.3070707E-07 0.3080413E-07 0.3089683E-07 0.3098626E-07 0.3107277E-07 0.3115664E-07 0.3123881E-07 0.3131862E-07 0.3139655E-07
 0.3807390E+04 0.3097430E-07 0.3111534E-07 0.3123972E-07 0.3135341E-07 0.3145944E-07 0.3155983E-07 0.3165573E-07 0.3174824E-07 0.3183773E-07 0.3192450E-07 0.3200951E-07 0.3209209E-07 0.3217273E-07
 0.3513147E+04 0.3173481E-07 0.3188070E-07 0.3200935E-07 0.3212697E-07 0.3223667E-07 0.3234053E-07 0.3243976E-07 0.3253548E-07 0.3262809E-07 0.3271788E-07 0.3280586E-07 0.3289133E-07 0.3297479E-07
 0.3241643E+04 0.3252048E-07 0.3267142E-07 0.3280454E-07 0.3292626E-07 0.3303978E-07 0.3314727E-07 0.3324997E-07 0.3334904E-07 0.3344491E-07 0.3353786E-07 0.3362894E-07 0.3371742E-07 0.3380383E-07
 0.2991122E+04 0.3333236E-07 0.3348858E-07 0.3362636E-07 0.3375235E-07 0.3386986E-07 0.3398115E-07 0.3408747E-07 0.3419005E-07 0.3428931E-07 0.3438556E-07 0.3447987E-07 0.3457150E-07 0.3466100E-07
 0.2759961E+04 0.3417156E-07 0.3433329E-07 0.3447594E-07 0.3460639E-07 0.3472807E-07 0.3484331E-07 0.3495343E-07 0.3505966E-07 0.3516247E-07 0.3526217E-07 0.3535986E-07 0.3545479E-07 0.3554750E-07
 0.2546665E+04 0.3503924E-07 0.3520671E-07 0.3535446E-07 0.3548957E-07 0.3561561E-07 0.3573499E-07 0.3584905E-07 0.3595912E-07 0.3606563E-07 0.3616893E-07 0.3627017E-07 0.3636853E-07 0.3646460E-07
 0.2349853E+04 0.3593662E-07 0.3611010E-07 0.3626316E-07 0.3640315E-07 0.3653374E-07 0.3665744E-07 0.3677565E-07 0.3688971E-07 0.3700010E-07 0.3710717E-07 0.3721210E-07 0.3731406E-07 0.3741365E-07
 0.2168251E+04 0.3686498E-07 0.3704475E-07 0.3720336E-07 0.3734844E-07 0.3748380E-07 0.3761202E-07 0.3773455E-07 0.3785280E-07 0.3796725E-07 0.3807825E-07 0.3818705E-07 0.3829278E-07 0.3839606E-07
 0.2000684E+04 0.3782568E-07 0.3801202E-07 0.3817645E-07 0.3832686E-07 0.3846719E-07 0.3860014E-07 0.3872720E-07 0.3884983E-07 0.3896852E-07 0.3908365E-07 0.3919650E-07 0.3930616E-07 0.3941330E-07
 0.1846067E+04 0.3882014E-07 0.3901336E-07 0.3918387E-07 0.3933985E-07 0.3948540E-07 0.3962330E-07 0.3975510E-07 0.3988231E-07 0.4000544E-07 0.4012489E-07 0.4024197E-07 0.4035577E-07 0.4046694E-07
 0.1703399E+04 0.3984987E-07 0.4005028E-07 0.4022715E-07 0.4038897E-07 0.4053998E-07 0.4068307E-07 0.4081983E-07 0.4095184E-07 0.4107962E-07 0.4120359E-07 0.4132512E-07 0.4144323E-07 0.4155863E-07
 0.1571756E+04 0.4091644E-07 0.4112438E-07 0.4130793E-07 0.4147586E-07 0.4163259E-07 0.4178110E-07 0.4192306E-07 0.4206009E-07 0.4219276E-07 0.4232146E-07 0.4244764E-07 0.4257028E-07 0.4269011E-07
 0.1450288E+04 0.4202153E-07 0.4223736E-07 0.4242789E-07 0.4260222E-07 0.4276494E-07 0.4291914E-07 0.4306655E-07 0.4320886E-07 0.4334663E-07 0.4348030E-07 0.4361136E-07 0.4373875E-07 0.4386323E-07
 0.1338206E+04 0.4316689E-07 0.4339099E-07 0.4358883E-07 0.4376989E-07 0.4393888E-07 0.4409905E-07 0.4425217E-07 0.4440000E-07 0.4454313E-07 0.4468202E-07 0.4481819E-07 0.4495056E-07 0.4507992E-07
 0.1234787E+04 0.4435439E-07 0.4458715E-07 0.4479267E-07 0.4498076E-07 0.4515635E-07 0.4532277E-07 0.4548188E-07 0.4563551E-07 0.4578427E-07 0.4592861E-07 0.4607016E-07 0.4620776E-07 0.4634223E-07
 0.1139360E+04 0.4558597E-07 0.4582783E-07 0.4604140E-07 0.4623688E-07 0.4641937E-07 0.4659236E-07 0.4675776E-07 0.4691748E-07 0.4707214E-07 0.4722222E-07 0.4736940E-07 0.4751249E-07 0.4765234E-07
 0.1051307E+04 0.4686372E-07 0.4711512E-07 0.4733714E-07 0.4754037E-07 0.4773013E-07 0.4791000E-07 0.4808201E-07 0.4824811E-07 0.4840897E-07 0.4856509E-07 0.4871819E-07 0.4886704E-07 0.4901254E-07
 0.9700599E+03 0.4818983E-07 0.4845125E-07 0.4868214E-07 0.4889352E-07 0.4909089E-07 0.4927800E-07 0.4945695E-07 0.4962976E-07 0.4979714E-07 0.4995958E-07 0.5011891E-07 0.5027383E-07 0.5042526E-07
 0.8950915E+03 0.4956661E-07 0.4983856E-07 0.5007877E-07 0.5029870E-07 0.5050408E-07 0.5069880E-07 0.5088504E-07 0.5106491E-07 0.5123913E-07 0.5140824E-07 0.5157410E-07 0.5173540E-07 0.5189307E-07
 0.8259169E+03 0.5099652E-07 0.5127953E-07 0.5152953E-07 0.5175846E-07 0.5197225E-07 0.5217498E-07 0.5236889E-07 0.5255618E-07 0.5273760E-07 0.5291371E-07 0.5308646E-07 0.5325446E-07 0.5341870E-07
 0.7620882E+03 0.5248216E-07 0.5277679E-07 0.5303710E-07 0.5327548E-07 0.5349813E-07 0.5370927E-07 0.5391125E-07 0.5410635E-07 0.5429535E-07 0.5447883E-07 0.5465883E-07 0.5483388E-07 0.5500503E-07
 0.7031923E+03 0.5402627E-07 0.5433313E-07 0.5460428E-07 0.5485262E-07 0.5508459E-07 0.5530458E-07 0.5551505E-07 0.5571837E-07 0.5591536E-07 0.5610660E-07 0.5629423E-07 0.5647672E-07 0.5665515E-07
 0.6488481E+03 0.5563178E-07 0.5595151E-07 0.5623407E-07 0.5649289E-07 0.5673467E-07 0.5696400E-07 0.5718341E-07 0.5739539E-07 0.5760078E-07 0.5780020E-07 0.5799587E-07 0.5818619E-07 0.5837230E-07
 0.5987037E+03 0.5730178E-07 0.5763507E-07 0.5792964E-07 0.5819950E-07 0.5845162E-07 0.5869077E-07 0.5891961E-07 0.5914072E-07 0.5935497E-07 0.5956302E-07 0.5976716E-07 0.5996575E-07 0.6015995E-07
 0.5524345E+03 0.5903955E-07 0.5938712E-07 0.5969436E-07 0.5997585E-07 0.6023887E-07 0.6048839E-07 0.6072717E-07 0.6095790E-07 0.6118150E-07 0.6139864E-07 0.6161172E-07 0.6181902E-07 0.6202176E-07
 0.5097411E+03 0.6084858E-07 0.6121121E-07 0.6153181E-07 0.6182556E-07 0.6210008E-07 0.6236053E-07 0.6260980E-07 0.6285068E-07 0.6308414E-07 0.6331088E-07 0.6353340E-07 0.6374990E-07 0.6396165E-07
 0.4703472E+03 0.6273257E-07 0.6311109E-07 0.6344578E-07 0.6375248E-07 0.6403913E-07 0.6431112E-07 0.6457145E-07 0.6482306E-07 0.6506694E-07 0.6530381E-07 0.6553629E-07 0.6576252E-07 0.6598379E-07
 0.4339977E+03 0.6469548E-07 0.6509076E-07 0.6544032E-07 0.6576070E-07 0.6606016E-07 0.6634433E-07 0.6661636E-07 0.6687929E-07 0.6713417E-07 0.6738176E-07 0.6762477E-07 0.6786127E-07 0.6809261E-07
 0.4004574E+03 0.6674148E-07 0.6715448E-07 0.6751975E-07 0.6785457E-07 0.6816756E-07 0.6846462E-07 0.6874900E-07 0.6902391E-07 0.6929042E-07 0.6954933E-07 0.6980349E-07 0.7005084E-07 0.7029283E-07
 0.3695092E+03 0.6887506E-07 0.6930677E-07 0.6968864E-07 0.7003873E-07 0.7036604E-07 0.7067671E-07 0.7097416E-07 0.7126174E-07 0.7154055E-07 0.7181144E-07 0.7207739E-07 0.7233624E-07 0.7258950E-07
 0.3409527E+03 0.7110096E-07 0.7155245E-07 0.7195189E-07 0.7231813E-07 0.7266058E-07 0.7298566E-07 0.7329695E-07 0.7359792E-07 0.7388977E-07 0.7417334E-07 0.7445177E-07 0.7472279E-07 0.7498799E-07
 0.3146031E+03 0.7342425E-07 0.7389669E-07 0.7431471E-07 0.7469804E-07 0.7505653E-07 0.7539687E-07 0.7572280E-07 0.7603797E-07 0.7634362E-07 0.7664063E-07 0.7693228E-07 0.7721620E-07 0.7749405E-07
 0.2902899E+03 0.7585036E-07 0.7634496E-07 0.7678268E-07 0.7718411E-07 0.7755958E-07 0.7791608E-07 0.7825754E-07 0.7858776E-07 0.7890803E-07 0.7921929E-07 0.7952496E-07 0.7982256E-07 0.8011383E-07
 0.2678557E+03 0.7838507E-07 0.7890315E-07 0.7936172E-07 0.7978235E-07 0.8017582E-07 0.8054946E-07 0.8090738E-07 0.8125356E-07 0.8158934E-07 0.8191572E-07 0.8223627E-07 0.8254839E-07 0.8285389E-07
 0.2471552E+03 0.8103454E-07 0.8157752E-07 0.8205821E-07 0.8249920E-07 0.8291176E-07 0.8330359E-07 0.8367898E-07 0.8404210E-07 0.8439435E-07 0.8473677E-07 0.8507312E-07 0.8540066E-07 0.8572128E-07
 0.2280545E+03 0.8380538E-07 0.8437479E-07 0.8487895E-07 0.8534154E-07 0.8577438E-07 0.8618552E-07 0.8657946E-07 0.8696056E-07 0.8733031E-07 0.8768978E-07 0.8804292E-07 0.8838684E-07 0.8872354E-07
 0.2104299E+03 0.8670467E-07 0.8730212E-07 0.8783122E-07 0.8831675E-07 0.8877113E-07 0.8920279E-07 0.8961644E-07 0.9001667E-07 0.9040502E-07 0.9078262E-07 0.9115361E-07 0.9151496E-07 0.9186876E-07
 0.1941674E+03 0.8973997E-07 0.9036723E-07 0.9092282E-07 0.9143275E-07 0.9191002E-07 0.9236351E-07 0.9279813E-07 0.9321870E-07 0.9362684E-07 0.9402372E-07 0.9441371E-07 0.9479361E-07 0.9516561E-07
 0.1791617E+03 0.9291941E-07 0.9357836E-07 0.9416212E-07 0.9469800E-07 0.9519965E-07 0.9567635E-07 0.9613329E-07 0.9657551E-07 0.9700473E-07 0.9742215E-07 0.9783237E-07 0.9823203E-07 0.9862343E-07
 0.1653157E+03 0.9625169E-07 0.9694436E-07 0.9755812E-07 0.9812163E-07 0.9864922E-07 0.9915066E-07 0.9963137E-07 0.1000967E-06 0.1005483E-06 0.1009877E-06 0.1014194E-06 0.1018402E-06 0.1022523E-06
 0.1525398E+03 0.9974617E-07 0.1004748E-06 0.1011205E-06 0.1017134E-06 0.1022687E-06 0.1027965E-06 0.1033025E-06 0.1037924E-06 0.1042680E-06 0.1047307E-06 0.1051855E-06 0.1056287E-06 0.1060629E-06
 0.1407511E+03 0.1034129E-06 0.1041798E-06 0.1048595E-06 0.1054839E-06 0.1060686E-06 0.1066245E-06 0.1071576E-06 0.1076738E-06 0.1081750E-06 0.1086626E-06 0.1091420E-06 0.1096092E-06 0.1100669E-06
 0.1298736E+03 0.1072627E-06 0.1080704E-06 0.1087865E-06 0.1094444E-06 0.1100606E-06 0.1106465E-06 0.1112085E-06 0.1117527E-06 0.1122812E-06 0.1127955E-06 0.1133011E-06 0.1137940E-06 0.1142770E-06
 0.1198367E+03 0.1113072E-06 0.1121585E-06 0.1129134E-06 0.1136071E-06 0.1142569E-06 0.1148750E-06 0.1154679E-06 0.1160421E-06 0.1165998E-06 0.1171425E-06 0.1176763E-06 0.1181966E-06 0.1187065E-06
 0.1105754E+03 0.1155590E-06 0.1164569E-06 0.1172533E-06 0.1179852E-06 0.1186711E-06 0.1193234E-06 0.1199493E-06 0.1205556E-06 0.1211446E-06 0.1217179E-06 0.1222817E-06 0.1228315E-06 0.1233703E-06
 0.1020299E+03 0.1200315E-06 0.1209793E-06 0.1218201E-06 0.1225930E-06 0.1233173E-06 0.1240065E-06 0.1246678E-06 0.1253085E-06 0.1259309E-06 0.1265369E-06 0.1271330E-06 0.1277143E-06 0.1282841E-06
 0.9414481E+02 0.1247395E-06 0.1257406E-06 0.1266290E-06 0.1274457E-06 0.1282114E-06 0.1289399E-06 0.1296392E-06 0.1303167E-06 0.1309751E-06 0.1316161E-06 0.1322468E-06 0.1328619E-06 0.1334650E-06
 0.8686909E+02 0.1296988E-06 0.1307571E-06 0.1316964E-06 0.1325602E-06 0.1333701E-06 0.1341409E-06 0.1348809E-06 0.1355980E-06 0.1362949E-06 0.1369736E-06 0.1376415E-06 0.1382930E-06 0.1389317E-06
 0.8015566E+02 0.1349264E-06 0.1360460E-06 0.1370401E-06 0.1379544E-06 0.1388118E-06 0.1396280E-06 0.1404117E-06 0.1411713E-06 0.1419097E-06 0.1426289E-06 0.1433367E-06 0.1440273E-06 0.1447045E-06
 0.7396105E+02 0.1404410E-06 0.1416264E-06 0.1426792E-06 0.1436478E-06 0.1445563E-06 0.1454213E-06 0.1462520E-06 0.1470573E-06 0.1478403E-06 0.1486031E-06 0.1493539E-06 0.1500866E-06 0.1508052E-06
 0.6824518E+02 0.1462625E-06 0.1475188E-06 0.1486348E-06 0.1496617E-06 0.1506252E-06 0.1515427E-06 0.1524240E-06 0.1532786E-06 0.1541096E-06 0.1549193E-06 0.1557165E-06 0.1564945E-06 0.1572578E-06
 0.6297104E+02 0.1524130E-06 0.1537454E-06 0.1549294E-06 0.1560192E-06 0.1570419E-06 0.1580160E-06 0.1589519E-06 0.1598595E-06 0.1607424E-06 0.1616027E-06 0.1624499E-06 0.1632768E-06 0.1640883E-06
 0.5810450E+02 0.1589161E-06 0.1603306E-06 0.1615879E-06 0.1627454E-06 0.1638320E-06 0.1648671E-06 0.1658619E-06 0.1668268E-06 0.1677656E-06 0.1686806E-06 0.1695818E-06 0.1704616E-06 0.1713251E-06
 0.5361405E+02 0.1657977E-06 0.1673008E-06 0.1686371E-06 0.1698678E-06 0.1710233E-06 0.1721244E-06 0.1731827E-06 0.1742096E-06 0.1752088E-06 0.1761829E-06 0.1771425E-06 0.1780796E-06 0.1789994E-06
 0.4947064E+02 0.1730860E-06 0.1746847E-06 0.1761065E-06 0.1774162E-06 0.1786462E-06 0.1798186E-06 0.1809457E-06 0.1820396E-06 0.1831042E-06 0.1841423E-06 0.1851652E-06 0.1861643E-06 0.1871451E-06
 0.4564744E+02 0.1808118E-06 0.1825139E-06 0.1840280E-06 0.1854233E-06 0.1867340E-06 0.1879836E-06 0.1891852E-06 0.1903517E-06 0.1914872E-06 0.1925947E-06 0.1936862E-06 0.1947525E-06 0.1957995E-06
 0.4211970E+02 0.1890088E-06 0.1908228E-06 0.1924370E-06 0.1939249E-06 0.1953230E-06 0.1966564E-06 0.1979388E-06 0.1991840E-06 0.2003965E-06 0.2015793E-06 0.2027453E-06 0.2038846E-06 0.2050036E-06
 0.3886460E+02 0.1977138E-06 0.1996490E-06 0.2013718E-06 0.2029602E-06 0.2044532E-06 0.2058775E-06 0.2072477E-06 0.2085785E-06 0.2098746E-06 0.2111393E-06 0.2123862E-06 0.2136050E-06 0.2148023E-06
 0.3586106E+02 0.2069671E-06 0.2090340E-06 0.2108747E-06 0.2125723E-06 0.2141685E-06 0.2156915E-06 0.2171572E-06 0.2185811E-06 0.2199682E-06 0.2213220E-06 0.2226572E-06 0.2239625E-06 0.2252451E-06
 0.3308964E+02 0.2168132E-06 0.2190232E-06 0.2209920E-06 0.2228085E-06 0.2245169E-06 0.2261476E-06 0.2277172E-06 0.2292426E-06 0.2307289E-06 0.2321799E-06 0.2336113E-06 0.2350110E-06 0.2363868E-06
 0.3053240E+02 0.2273007E-06 0.2296666E-06 0.2317750E-06 0.2337210E-06 0.2355517E-06 0.2372997E-06 0.2389828E-06 0.2406189E-06 0.2422135E-06 0.2437707E-06 0.2453073E-06 0.2468102E-06 0.2482877E-06
 0.2817278E+02 0.2384835E-06 0.2410192E-06 0.2432799E-06 0.2453672E-06 0.2473315E-06 0.2492077E-06 0.2510148E-06 0.2527718E-06 0.2544849E-06 0.2561583E-06 0.2578099E-06 0.2594258E-06 0.2610148E-06
 0.2599553E+02 0.2504207E-06 0.2531418E-06 0.2555690E-06 0.2578107E-06 0.2599212E-06 0.2619376E-06 0.2638804E-06 0.2657700E-06 0.2676128E-06 0.2694135E-06 0.2711912E-06 0.2729309E-06 0.2746423E-06
 0.2398654E+02 0.2631778E-06 0.2661019E-06 0.2687111E-06 0.2711220E-06 0.2733926E-06 0.2755627E-06 0.2776542E-06 0.2796891E-06 0.2816744E-06 0.2836147E-06 0.2855310E-06 0.2874069E-06 0.2892526E-06
 0.2213280E+02 0.2768275E-06 0.2799739E-06 0.2827827E-06 0.2853791E-06 0.2878253E-06 0.2901642E-06 0.2924191E-06 0.2946138E-06 0.2967556E-06 0.2988497E-06 0.3009183E-06 0.3029440E-06 0.3049378E-06
 0.2042233E+02 0.2914502E-06 0.2948405E-06 0.2978686E-06 0.3006688E-06 0.3033082E-06 0.3058327E-06 0.3082675E-06 0.3106380E-06 0.3129522E-06 0.3152157E-06 0.3174523E-06 0.3196433E-06 0.3218005E-06
 0.1884405E+02 0.3071353E-06 0.3107939E-06 0.3140632E-06 0.3170879E-06 0.3199400E-06 0.3226690E-06 0.3253022E-06 0.3278668E-06 0.3303713E-06 0.3328217E-06 0.3352441E-06 0.3376177E-06 0.3399555E-06
 0.1738774E+02 0.3239826E-06 0.3279367E-06 0.3314719E-06 0.3347442E-06 0.3378312E-06 0.3407861E-06 0.3436383E-06 0.3464175E-06 0.3491325E-06 0.3517899E-06 0.3544177E-06 0.3569937E-06 0.3595316E-06
 0.1604398E+02 0.3421032E-06 0.3463836E-06 0.3502126E-06 0.3537586E-06 0.3571052E-06 0.3603102E-06 0.3634051E-06 0.3664218E-06 0.3693702E-06 0.3722571E-06 0.3751130E-06 0.3779136E-06 0.3806738E-06
 0.1480406E+02 0.3616217E-06 0.3662630E-06 0.3704172E-06 0.3742663E-06 0.3779009E-06 0.3813832E-06 0.3847474E-06 0.3880280E-06 0.3912356E-06 0.3943777E-06 0.3974872E-06 0.4005377E-06 0.4035454E-06
 0.1365997E+02 0.3826777E-06 0.3877190E-06 0.3922340E-06 0.3964198E-06 0.4003743E-06 0.4041648E-06 0.4078286E-06 0.4114029E-06 0.4148993E-06 0.4183256E-06 0.4217180E-06 0.4250473E-06 0.4283313E-06
 0.1260430E+02 0.4054281E-06 0.4109139E-06 0.4158302E-06 0.4203906E-06 0.4247012E-06 0.4288354E-06 0.4328332E-06 0.4367353E-06 0.4405540E-06 0.4442980E-06 0.4480064E-06 0.4516476E-06 0.4552408E-06
 0.1163021E+02 0.4300497E-06 0.4360307E-06 0.4413943E-06 0.4463726E-06 0.4510810E-06 0.4555990E-06 0.4599702E-06 0.4642390E-06 0.4684186E-06 0.4725183E-06 0.4765812E-06 0.4805721E-06 0.4845122E-06
 0.1073140E+02 0.4567425E-06 0.4632764E-06 0.4691398E-06 0.4745856E-06 0.4797392E-06 0.4846872E-06 0.4894771E-06 0.4941573E-06 0.4987420E-06 0.5032414E-06 0.5077025E-06 0.5120869E-06 0.5164175E-06
 0.9902056E+01 0.4857331E-06 0.4928858E-06 0.4993095E-06 0.5052796E-06 0.5109329E-06 0.5163640E-06 0.5216246E-06 0.5267675E-06 0.5318084E-06 0.5367581E-06 0.5416683E-06 0.5464966E-06 0.5512680E-06
 0.9136803E+01 0.5172788E-06 0.5251264E-06 0.5321795E-06 0.5387393E-06 0.5449553E-06 0.5509307E-06 0.5567220E-06 0.5623872E-06 0.5679432E-06 0.5734019E-06 0.5788201E-06 0.5841507E-06 0.5894216E-06
 0.8430690E+01 0.5516734E-06 0.5603032E-06 0.5680658E-06 0.5752909E-06 0.5821422E-06 0.5887328E-06 0.5951245E-06 0.6013810E-06 0.6075208E-06 0.6135566E-06 0.6195511E-06 0.6254524E-06 0.6312910E-06
 0.7779148E+01 0.5892526E-06 0.5987657E-06 0.6073305E-06 0.6153087E-06 0.6228797E-06 0.6301679E-06 0.6372411E-06 0.6441693E-06 0.6509727E-06 0.6576653E-06 0.6643164E-06 0.6708681E-06 0.6773542E-06
 0.7177958E+01 0.6304019E-06 0.6409158E-06 0.6503905E-06 0.6592238E-06 0.6676130E-06 0.6756951E-06 0.6835445E-06 0.6912385E-06 0.6987993E-06 0.7062420E-06 0.7136437E-06 0.7209397E-06 0.7281673E-06
 0.6623230E+01 0.6755654E-06 0.6872171E-06 0.6977275E-06 0.7075353E-06 0.7168581E-06 0.7258468E-06 0.7345837E-06 0.7431542E-06 0.7515826E-06 0.7598855E-06 0.7681487E-06 0.7762998E-06 0.7843803E-06
 0.6111372E+01 0.7252568E-06 0.7382065E-06 0.7499002E-06 0.7608229E-06 0.7712148E-06 0.7812432E-06 0.7909988E-06 0.8005765E-06 0.8100030E-06 0.8192966E-06 0.8285529E-06 0.8376906E-06 0.8467562E-06
 0.5639071E+01 0.7800724E-06 0.7945087E-06 0.8075597E-06 0.8197628E-06 0.8313844E-06 0.8426099E-06 0.8535399E-06 0.8642801E-06 0.8748598E-06 0.8852992E-06 0.8957055E-06 0.9059872E-06 0.9161960E-06
 0.5203272E+01 0.8407078E-06 0.8568537E-06 0.8714679E-06 0.8851481E-06 0.8981899E-06 0.9107999E-06 0.9230899E-06 0.9351780E-06 0.9470966E-06 0.9588679E-06 0.9706125E-06 0.9822269E-06 0.9937692E-06
 0.4801151E+01 0.9079781E-06 0.9260985E-06 0.9425213E-06 0.9579129E-06 0.9726029E-06 0.9868219E-06 0.1000695E-05 0.1014353E-05 0.1027834E-05 0.1041161E-05 0.1054471E-05 0.1067647E-05 0.1080753E-05
 0.4430108E+01 0.9828431E-06 0.1003254E-05 0.1021780E-05 0.1039164E-05 0.1055776E-05 0.1071874E-05 0.1087599E-05 0.1103097E-05 0.1118410E-05 0.0000000E+00 0.0000000E+00 0.0000000E+00 0.0000000E+00
 0.4087739E+01 0.1066439E-05 0.1089522E-05 0.1110503E-05 0.1130220E-05 0.1149086E-05 0.1167392E-05 0.0000000E+00 0.0000000E+00 0.0000000E+00 0.0000000E+00 0.0000000E+00 0.0000000E+00 0.0000000E+00
 0.3771829E+01 0.1160118E-05 0.1186332E-05 0.1210199E-05 0.0000000E+00 0.0000000E+00 0.0000000E+00 0.0000000E+00 0.0000000E+00 0.0000000E+00 0.0000000E+00 0.0000000E+00 0.0000000E+00 0.0000000E+00
 0.3480334E+01 0.1265501E-05 0.0000000E+00 0.0000000E+00 0.0000000E+00 0.0000000E+00 0.0000000E+00 0.0000000E+00 0.0000000E+00 0.0000000E+00 0.0000000E+00 0.0000000E+00 0.0000000E+00 0.0000000E+00