 k(Mpc^-1)     CL=0.4515     CL=0.5763     CL=0.6827     CL=0.7699     CL=0.8385     CL=0.8904     CL=0.9281     CL=0.9545     CL=0.9722     CL=0.9836     CL=0.9907     CL=0.9949     CL=0.9973
 0.3020793E+07 0.7619370E-08 0.0000000E+00 0.0000000E+00 0.0000000E+00 0.0000000E+00 0.0000000E+00 0.0000000E+00 0.0000000E+00 0.0000000E+00 0.0000000E+00 0.0000000E+00 0.0000000E+00 0.0000000E+00
 0.2831094E+07 0.7318479E-08 0.0000000E+00 0.0000000E+00 0.0000000E+00 0.0000000E+00 0.0000000E+00 0.0000000E+00 0.0000000E+00 0.0000000E+00 0.0000000E+00 0.0000000E+00 0.0000000E+00 0.0000000E+00
 0.2653308E+07 0.7043663E-08 0.0000000E+00 0.0000000E+00 0.0000000E+00 0.0000000E+00 0.0000000E+00 0.0000000E+00 0.0000000E+00 0.0000000E+00 0.0000000E+00 0.0000000E+00 0.0000000E+00 0.0000000E+00
 0.2486686E+07 0.6791770E-08 0.0000000E+00 0.0000000E+00 0.0000000E+00 0.0000000E+00 0.0000000E+00 0.0000000E+00 0.0000000E+00 0.0000000E+00 0.0000000E+00 0.0000000E+00 0.0000000E+00 0.0000000E+00
 0.2330528E+07 0.6560226E-08 0.7967982E-08 0.0000000E+00 0.0000000E+00 0.0000000E+00 0.0000000E+00 0.0000000E+00 0.0000000E+00 0.0000000E+00 0.0000000E+00 0.0000000E+00 0.0000000E+00 0.0000000E+00
 0.2184176E+07 0.6346736E-08 0.7649135E-08 0.0000000E+00 0.0000000E+00 0.0000000E+00 0.0000000E+00 0.0000000E+00 0.0000000E+00 0.0000000E+00 0.0000000E+00 0.0000000E+00 0.0000000E+00 0.0000000E+00
 0.2047015E+07 0.6149362E-08 0.7358224E-08 0.8126089E-08 0.0000000E+00 0.0000000E+00 0.0000000E+00 0.0000000E+00 0.0000000E+00 0.0000000E+00 0.0000000E+00 0.0000000E+00 0.0000000E+00 0.0000000E+00
 0.1918467E+07 0.5966406E-08 0.7091945E-08 0.7799740E-08 0.8346115E-08 0.0000000E+00 0.0000000E+00 0.0000000E+00 0.0000000E+00 0.0000000E+00 0.0000000E+00 0.0000000E+00 0.0000000E+00 0.0000000E+00
 0.1797991E+07 0.5796470E-08 0.6847391E-08 0.7502099E-08 0.8004429E-08 0.8423403E-08 0.0000000E+00 0.0000000E+00 0.0000000E+00 0.0000000E+00 0.0000000E+00 0.0000000E+00 0.0000000E+00 0.0000000E+00
 0.1685082E+07 0.5638263E-08 0.6622122E-08 0.7229757E-08 0.7693296E-08 0.8078175E-08 0.8413458E-08 0.0000000E+00 0.0000000E+00 0.0000000E+00 0.0000000E+00 0.0000000E+00 0.0000000E+00 0.0000000E+00
 0.1579262E+07 0.5490679E-08 0.6414017E-08 0.6979718E-08 0.7408911E-08 0.7763819E-08 0.8071958E-08 0.8347442E-08 0.0000000E+00 0.0000000E+00 0.0000000E+00 0.0000000E+00 0.0000000E+00 0.0000000E+00
 0.1480088E+07 0.5352726E-08 0.6221331E-08 0.6749468E-08 0.7148176E-08 0.7476606E-08 0.7760837E-08 0.8014231E-08 0.8245722E-08 0.8459729E-08 0.0000000E+00 0.0000000E+00 0.0000000E+00 0.0000000E+00
 0.1387142E+07 0.5223587E-08 0.6042474E-08 0.6536824E-08 0.6908353E-08 0.7213274E-08 0.7476372E-08 0.7710317E-08 0.7923541E-08 0.8120199E-08 0.8303623E-08 0.8477401E-08 0.8641377E-08 0.0000000E+00
 0.1300033E+07 0.5102483E-08 0.5876088E-08 0.6339991E-08 0.6687134E-08 0.6971090E-08 0.7215383E-08 0.7432151E-08 0.7629262E-08 0.7810701E-08 0.7979625E-08 0.8139396E-08 0.8289914E-08 0.8433039E-08
 0.1218394E+07 0.4988739E-08 0.5720963E-08 0.6157334E-08 0.6482508E-08 0.6747688E-08 0.6975270E-08 0.7176696E-08 0.7359521E-08 0.7527542E-08 0.7683678E-08 0.7831122E-08 0.7969825E-08 0.8101532E-08
 0.1141881E+07 0.4881738E-08 0.5576103E-08 0.5987455E-08 0.6292822E-08 0.6541124E-08 0.6753708E-08 0.6941467E-08 0.7111569E-08 0.7267636E-08 0.7412401E-08 0.7548943E-08 0.7677215E-08 0.7798863E-08
 0.1070174E+07 0.4780975E-08 0.5440566E-08 0.5829113E-08 0.6116560E-08 0.6349633E-08 0.6548730E-08 0.6724233E-08 0.6882958E-08 0.7028324E-08 0.7163032E-08 0.7289888E-08 0.7408910E-08 0.7521652E-08
 0.1002969E+07 0.4685954E-08 0.5313542E-08 0.5681283E-08 0.5952423E-08 0.6171711E-08 0.6358607E-08 0.6523107E-08 0.6671616E-08 0.6807426E-08 0.6933110E-08 0.7051320E-08 0.7162100E-08 0.7266920E-08
 0.9399850E+06 0.4596240E-08 0.5194292E-08 0.5543000E-08 0.5799255E-08 0.6006020E-08 0.6181920E-08 0.6336428E-08 0.6475729E-08 0.6602972E-08 0.6720555E-08 0.6831015E-08 0.6934421E-08 0.7032163E-08
 0.8809561E+06 0.4511429E-08 0.5082212E-08 0.5413429E-08 0.5656102E-08 0.5851463E-08 0.6017349E-08 0.6162828E-08 0.6293802E-08 0.6413285E-08 0.6523540E-08 0.6627029E-08 0.6723810E-08 0.6815202E-08
 0.8256341E+06 0.4431198E-08 0.4976709E-08 0.5291815E-08 0.5522060E-08 0.5707002E-08 0.5863766E-08 0.6001037E-08 0.6124455E-08 0.6236885E-08 0.6340566E-08 0.6437762E-08 0.6528570E-08 0.6614246E-08
 0.7737861E+06 0.4355213E-08 0.4877271E-08 0.5177536E-08 0.5396347E-08 0.5571747E-08 0.5720154E-08 0.5849962E-08 0.5966505E-08 0.6072552E-08 0.6170245E-08 0.6261739E-08 0.6347144E-08 0.6427654E-08
 0.7251941E+06 0.4283183E-08 0.4783423E-08 0.5069987E-08 0.5278250E-08 0.5444888E-08 0.5585680E-08 0.5708623E-08 0.5818890E-08 0.5919142E-08 0.6011386E-08 0.6097699E-08 0.6178200E-08 0.6254028E-08
 0.6796536E+06 0.4214833E-08 0.4694781E-08 0.4968640E-08 0.5167189E-08 0.5325763E-08 0.5459542E-08 0.5576214E-08 0.5680739E-08 0.5775673E-08 0.5862923E-08 0.5944514E-08 0.6020550E-08 0.6092119E-08
 0.6369729E+06 0.4149948E-08 0.4610952E-08 0.4873010E-08 0.5062589E-08 0.5213726E-08 0.5341050E-08 0.5451958E-08 0.5551214E-08 0.5641257E-08 0.5723979E-08 0.5801253E-08 0.5873214E-08 0.5940900E-08
 0.5969724E+06 0.4088294E-08 0.4531600E-08 0.4782701E-08 0.4963955E-08 0.5108216E-08 0.5229567E-08 0.5335185E-08 0.5429595E-08 0.5515165E-08 0.5593713E-08 0.5667033E-08 0.5735263E-08 0.5799397E-08
 0.5594839E+06 0.4029672E-08 0.4456404E-08 0.4697315E-08 0.4870824E-08 0.5008716E-08 0.5124578E-08 0.5225278E-08 0.5315221E-08 0.5396691E-08 0.5471400E-08 0.5541088E-08 0.5605893E-08 0.5666771E-08
 0.5243496E+06 0.3973887E-08 0.4385109E-08 0.4616504E-08 0.4782825E-08 0.4914806E-08 0.5025568E-08 0.5121735E-08 0.5207553E-08 0.5285222E-08 0.5356376E-08 0.5422718E-08 0.5484374E-08 0.5542258E-08
 0.4914216E+06 0.3920791E-08 0.4317449E-08 0.4539939E-08 0.4699577E-08 0.4826064E-08 0.4932091E-08 0.5024058E-08 0.5106056E-08 0.5180195E-08 0.5248099E-08 0.5311354E-08 0.5370105E-08 0.5425232E-08
 0.4605615E+06 0.3870217E-08 0.4253190E-08 0.4467363E-08 0.4620751E-08 0.4742120E-08 0.4843731E-08 0.4931811E-08 0.5010267E-08 0.5081151E-08 0.5146030E-08 0.5206431E-08 0.5262500E-08 0.5315081E-08
 0.4316393E+06 0.3822022E-08 0.4192110E-08 0.4398499E-08 0.4546033E-08 0.4662628E-08 0.4760153E-08 0.4844590E-08 0.4919754E-08 0.4987631E-08 0.5049706E-08 0.5107461E-08 0.5161045E-08 0.5211271E-08
 0.4045333E+06 0.3776066E-08 0.4134035E-08 0.4333111E-08 0.4475178E-08 0.4587313E-08 0.4681012E-08 0.4762068E-08 0.4834168E-08 0.4899235E-08 0.4958689E-08 0.5013989E-08 0.5065268E-08 0.5113310E-08
 0.3791295E+06 0.3732245E-08 0.4078776E-08 0.4270970E-08 0.4407924E-08 0.4515884E-08 0.4606009E-08 0.4683909E-08 0.4753152E-08 0.4815588E-08 0.4872631E-08 0.4925647E-08 0.4974784E-08 0.5020799E-08
 0.3553211E+06 0.3690435E-08 0.4026168E-08 0.4211899E-08 0.4344042E-08 0.4448092E-08 0.4534859E-08 0.4609821E-08 0.4676397E-08 0.4736390E-08 0.4791172E-08 0.4842060E-08 0.4889204E-08 0.4933332E-08
 0.3330077E+06 0.3650533E-08 0.3976051E-08 0.4155703E-08 0.4283315E-08 0.4383694E-08 0.4467338E-08 0.4539525E-08 0.4603606E-08 0.4661330E-08 0.4713999E-08 0.4762903E-08 0.4808187E-08 0.4850557E-08
 0.3120956E+06 0.3612434E-08 0.3928305E-08 0.4102217E-08 0.4225574E-08 0.4322504E-08 0.4403206E-08 0.4472804E-08 0.4534547E-08 0.4590135E-08 0.4640817E-08 0.4687865E-08 0.4731412E-08 0.4772140E-08
 0.2924967E+06 0.3576063E-08 0.3882790E-08 0.4051273E-08 0.4170633E-08 0.4264318E-08 0.4342255E-08 0.4409422E-08 0.4468974E-08 0.4522547E-08 0.4571392E-08 0.4616703E-08 0.4658625E-08 0.4697819E-08
 0.2741286E+06 0.3541329E-08 0.3839389E-08 0.4002751E-08 0.4118330E-08 0.4208959E-08 0.4284284E-08 0.4349177E-08 0.4406669E-08 0.4458364E-08 0.4505474E-08 0.4549157E-08 0.4589557E-08 0.4627314E-08
 0.2569139E+06 0.3508154E-08 0.3797982E-08 0.3956508E-08 0.4068507E-08 0.4156254E-08 0.4229138E-08 0.4291870E-08 0.4347426E-08 0.4397366E-08 0.4442847E-08 0.4485002E-08 0.4523974E-08 0.4560384E-08
 0.2407803E+06 0.3476457E-08 0.3758483E-08 0.3912423E-08 0.4021047E-08 0.4106073E-08 0.4176647E-08 0.4237352E-08 0.4291085E-08 0.4339363E-08 0.4383301E-08 0.4424020E-08 0.4461651E-08 0.4496796E-08
 0.2256598E+06 0.3446187E-08 0.3720791E-08 0.3870374E-08 0.3975814E-08 0.4058268E-08 0.4126660E-08 0.4185454E-08 0.4237468E-08 0.4284171E-08 0.4326677E-08 0.4366045E-08 0.4402414E-08 0.4436370E-08
 0.2114889E+06 0.3417271E-08 0.3684816E-08 0.3830274E-08 0.3932689E-08 0.4012712E-08 0.4079031E-08 0.4136030E-08 0.4186422E-08 0.4231649E-08 0.4272795E-08 0.4310890E-08 0.4346071E-08 0.4378908E-08
 0.1982079E+06 0.3389651E-08 0.3650468E-08 0.3792018E-08 0.3891558E-08 0.3969276E-08 0.4033654E-08 0.4088936E-08 0.4137796E-08 0.4181639E-08 0.4221502E-08 0.4258396E-08 0.4292457E-08 0.4324239E-08
 0.1857609E+06 0.3363266E-08 0.3617688E-08 0.3755516E-08 0.3852335E-08 0.3927870E-08 0.3990400E-08 0.4044067E-08 0.4091478E-08 0.4134003E-08 0.4172645E-08 0.4208405E-08 0.4241409E-08 0.4272195E-08
 0.1740955E+06 0.3338076E-08 0.3586395E-08 0.3720677E-08 0.3814919E-08 0.3888383E-08 0.3949161E-08 0.4001299E-08 0.4047338E-08 0.4088607E-08 0.4126112E-08 0.4160800E-08 0.4192806E-08 0.4222652E-08
 0.1631627E+06 0.3314026E-08 0.3556524E-08 0.3687437E-08 0.3779224E-08 0.3850720E-08 0.3909829E-08 0.3960524E-08 0.4005263E-08 0.4045352E-08 0.4081772E-08 0.4115446E-08 0.4146507E-08 0.4175465E-08
 0.1529165E+06 0.3291072E-08 0.3528006E-08 0.3655717E-08 0.3745159E-08 0.3814787E-08 0.3872325E-08 0.3921635E-08 0.3965142E-08 0.4004121E-08 0.4039512E-08 0.4072226E-08 0.4102393E-08 0.4130510E-08
 0.1433137E+06 0.3269165E-08 0.3500796E-08 0.3625448E-08 0.3712667E-08 0.3780516E-08 0.3836555E-08 0.3884558E-08 0.3926894E-08 0.3964811E-08 0.3999219E-08 0.4031022E-08 0.4060342E-08 0.4087662E-08
 0.1343139E+06 0.3248276E-08 0.3474833E-08 0.3596561E-08 0.3681668E-08 0.3747825E-08 0.3802438E-08 0.3849198E-08 0.3890423E-08 0.3927323E-08 0.3960814E-08 0.3991753E-08 0.4020269E-08 0.4046833E-08
 0.1258793E+06 0.3228362E-08 0.3450067E-08 0.3569010E-08 0.3652097E-08 0.3716643E-08 0.3769890E-08 0.3815476E-08 0.3855643E-08 0.3891585E-08 0.3924197E-08 0.3954316E-08 0.3982068E-08 0.4007916E-08
 0.1179744E+06 0.3209388E-08 0.3426443E-08 0.3542733E-08 0.3623886E-08 0.3686895E-08 0.3738856E-08 0.3783309E-08 0.3822470E-08 0.3857509E-08 0.3889285E-08 0.3918624E-08 0.3945651E-08 0.3970819E-08
 0.1105658E+06 0.3191316E-08 0.3403930E-08 0.3517678E-08 0.3596991E-08 0.3658535E-08 0.3709263E-08 0.3752644E-08 0.3790848E-08 0.3825019E-08 0.3855992E-08 0.3884589E-08 0.3910927E-08 0.3935447E-08
 0.1036226E+06 0.3174124E-08 0.3382480E-08 0.3493791E-08 0.3571353E-08 0.3631498E-08 0.3681050E-08 0.3723409E-08 0.3760699E-08 0.3794037E-08 0.3824260E-08 0.3852151E-08 0.3877833E-08 0.3901737E-08
 0.9711529E+05 0.3157778E-08 0.3362052E-08 0.3471038E-08 0.3546921E-08 0.3605730E-08 0.3654152E-08 0.3695543E-08 0.3731963E-08 0.3764513E-08 0.3794014E-08 0.3821233E-08 0.3846290E-08 0.3869608E-08
 0.9101667E+05 0.3142251E-08 0.3342605E-08 0.3449371E-08 0.3523641E-08 0.3581173E-08 0.3628530E-08 0.3668982E-08 0.3704572E-08 0.3736377E-08 0.3765190E-08 0.3791768E-08 0.3816230E-08 0.3838989E-08
 0.8530103E+05 0.3127512E-08 0.3324116E-08 0.3428749E-08 0.3501482E-08 0.3557793E-08 0.3604126E-08 0.3643689E-08 0.3678485E-08 0.3709573E-08 0.3737723E-08 0.3763689E-08 0.3787582E-08 0.3809809E-08
 0.7994432E+05 0.3113545E-08 0.3306546E-08 0.3409129E-08 0.3480397E-08 0.3535540E-08 0.3580893E-08 0.3619606E-08 0.3653644E-08 0.3684040E-08 0.3711570E-08 0.3736952E-08 0.3760304E-08 0.3782023E-08
 0.7492400E+05 0.3100324E-08 0.3289864E-08 0.3390489E-08 0.3460346E-08 0.3514371E-08 0.3558780E-08 0.3596686E-08 0.3630000E-08 0.3659742E-08 0.3686672E-08 0.3711497E-08 0.3734332E-08 0.3755565E-08
 0.7021894E+05 0.3087825E-08 0.3274037E-08 0.3372787E-08 0.3441288E-08 0.3494242E-08 0.3537760E-08 0.3574881E-08 0.3607502E-08 0.3636624E-08 0.3662982E-08 0.3687274E-08 0.3709614E-08 0.3730385E-08
 0.6580935E+05 0.3076025E-08 0.3259047E-08 0.3355995E-08 0.3423200E-08 0.3475127E-08 0.3517786E-08 0.3554163E-08 0.3586120E-08 0.3614643E-08 0.3640447E-08 0.3664229E-08 0.3686097E-08 0.3706424E-08
 0.6167667E+05 0.3064913E-08 0.3244865E-08 0.3340075E-08 0.3406043E-08 0.3456987E-08 0.3498822E-08 0.3534485E-08 0.3565808E-08 0.3593751E-08 0.3619037E-08 0.3642332E-08 0.3663747E-08 0.3683651E-08
 0.5780352E+05 0.3054466E-08 0.3231465E-08 0.3325013E-08 0.3389789E-08 0.3439789E-08 0.3480828E-08 0.3515813E-08 0.3546528E-08 0.3573922E-08 0.3598706E-08 0.3621534E-08 0.3642516E-08 0.3662015E-08
 0.5417359E+05 0.3044666E-08 0.3218821E-08 0.3310777E-08 0.3374402E-08 0.3423496E-08 0.3463783E-08 0.3498108E-08 0.3528238E-08 0.3555113E-08 0.3579415E-08 0.3601796E-08 0.3622365E-08 0.3641476E-08
 0.5077161E+05 0.3035495E-08 0.3206921E-08 0.3297341E-08 0.3359866E-08 0.3408092E-08 0.3447652E-08 0.3481348E-08 0.3510919E-08 0.3537289E-08 0.3561125E-08 0.3583077E-08 0.3603249E-08 0.3621988E-08
 0.4758327E+05 0.3026944E-08 0.3195740E-08 0.3284679E-08 0.3346152E-08 0.3393543E-08 0.3432406E-08 0.3465498E-08 0.3494533E-08 0.3520413E-08 0.3543813E-08 0.3565355E-08 0.3585146E-08 0.3603529E-08
 0.4459515E+05 0.3018996E-08 0.3185259E-08 0.3272778E-08 0.3333236E-08 0.3379825E-08 0.3418012E-08 0.3450530E-08 0.3479050E-08 0.3504466E-08 0.3527442E-08 0.3548590E-08 0.3568017E-08 0.3586058E-08
 0.4179467E+05 0.3011637E-08 0.3175455E-08 0.3261613E-08 0.3321090E-08 0.3366908E-08 0.3404457E-08 0.3436413E-08 0.3464439E-08 0.3489414E-08 0.3511984E-08 0.3532754E-08 0.3551830E-08 0.3569544E-08
 0.3917006E+05 0.3004849E-08 0.3166322E-08 0.3251166E-08 0.3309703E-08 0.3354780E-08 0.3391710E-08 0.3423132E-08 0.3450683E-08 0.3475231E-08 0.3497404E-08 0.3517811E-08 0.3536552E-08 0.3553952E-08
 0.3671027E+05 0.2998630E-08 0.3157839E-08 0.3241412E-08 0.3299051E-08 0.3343415E-08 0.3379751E-08 0.3410659E-08 0.3437754E-08 0.3461885E-08 0.3483689E-08 0.3503748E-08 0.3522166E-08 0.3539264E-08
 0.3440495E+05 0.2992964E-08 0.3149991E-08 0.3232346E-08 0.3289115E-08 0.3332794E-08 0.3368553E-08 0.3398972E-08 0.3425628E-08 0.3449364E-08 0.3470807E-08 0.3490532E-08 0.3508640E-08 0.3525449E-08
 0.3224440E+05 0.2987841E-08 0.3142760E-08 0.3223945E-08 0.3279873E-08 0.3322892E-08 0.3358106E-08 0.3388045E-08 0.3414279E-08 0.3437641E-08 0.3458738E-08 0.3478141E-08 0.3495951E-08 0.3512481E-08
 0.3021952E+05 0.2983246E-08 0.3136141E-08 0.3216196E-08 0.3271318E-08 0.3313702E-08 0.3348386E-08 0.3377869E-08 0.3403698E-08 0.3426694E-08 0.3447452E-08 0.3466546E-08 0.3484071E-08 0.3500334E-08
 0.2832181E+05 0.2979178E-08 0.3130118E-08 0.3209079E-08 0.3263429E-08 0.3305202E-08 0.3339377E-08 0.3368420E-08 0.3393859E-08 0.3416499E-08 0.3436942E-08 0.3455739E-08 0.3472989E-08 0.3488994E-08
 0.2654326E+05 0.2975626E-08 0.3124679E-08 0.3202591E-08 0.3256193E-08 0.3297378E-08 0.3331057E-08 0.3359682E-08 0.3384745E-08 0.3407048E-08 0.3427183E-08 0.3445694E-08 0.3462679E-08 0.3478437E-08
 0.2487640E+05 0.2972580E-08 0.3119810E-08 0.3196714E-08 0.3249592E-08 0.3290209E-08 0.3323421E-08 0.3351633E-08 0.3376335E-08 0.3398318E-08 0.3418156E-08 0.3436392E-08 0.3453123E-08 0.3468644E-08
 0.2331422E+05 0.2970029E-08 0.3115508E-08 0.3191437E-08 0.3243620E-08 0.3283692E-08 0.3316449E-08 0.3344269E-08 0.3368623E-08 0.3390292E-08 0.3409841E-08 0.3427812E-08 0.3444298E-08 0.3459590E-08
 0.2185014E+05 0.2967974E-08 0.3111761E-08 0.3186744E-08 0.3238263E-08 0.3277809E-08 0.3310128E-08 0.3337570E-08 0.3361589E-08 0.3382952E-08 0.3402231E-08 0.3419947E-08 0.3436198E-08 0.3451270E-08
 0.2047800E+05 0.2966405E-08 0.3108558E-08 0.3182635E-08 0.3233509E-08 0.3272548E-08 0.3304440E-08 0.3331523E-08 0.3355219E-08 0.3376292E-08 0.3395306E-08 0.3412778E-08 0.3428801E-08 0.3443661E-08
 0.1919203E+05 0.2965316E-08 0.3105889E-08 0.3179095E-08 0.3229344E-08 0.3267893E-08 0.3299383E-08 0.3326111E-08 0.3349496E-08 0.3370294E-08 0.3389054E-08 0.3406289E-08 0.3422094E-08 0.3436750E-08
 0.1798682E+05 0.2964697E-08 0.3103753E-08 0.3176116E-08 0.3225765E-08 0.3263844E-08 0.3294942E-08 0.3321331E-08 0.3344418E-08 0.3364946E-08 0.3383456E-08 0.3400464E-08 0.3416059E-08 0.3430518E-08
 0.1685728E+05 0.2964551E-08 0.3102140E-08 0.3173685E-08 0.3222760E-08 0.3260385E-08 0.3291105E-08 0.3317169E-08 0.3339967E-08 0.3360232E-08 0.3378509E-08 0.3395298E-08 0.3410691E-08 0.3424961E-08
 0.1579869E+05 0.2964870E-08 0.3101043E-08 0.3171803E-08 0.3220321E-08 0.3257508E-08 0.3287859E-08 0.3313614E-08 0.3336134E-08 0.3356149E-08 0.3374199E-08 0.3390776E-08 0.3405974E-08 0.3420062E-08
 0.1480656E+05 0.2965648E-08 0.3100452E-08 0.3170459E-08 0.3218435E-08 0.3255200E-08 0.3285205E-08 0.3310653E-08 0.3332904E-08 0.3352683E-08 0.3370513E-08 0.3386888E-08 0.3401897E-08 0.3415810E-08
 0.1387675E+05 0.2966880E-08 0.3100369E-08 0.3169646E-08 0.3217104E-08 0.3253462E-08 0.3283128E-08 0.3308285E-08 0.3330278E-08 0.3349824E-08 0.3367439E-08 0.3383618E-08 0.3398446E-08 0.3412190E-08
 0.1300532E+05 0.2968568E-08 0.3100785E-08 0.3169355E-08 0.3216317E-08 0.3252282E-08 0.3281622E-08 0.3306498E-08 0.3328242E-08 0.3347560E-08 0.3364976E-08 0.3380966E-08 0.3395620E-08 0.3409200E-08
 0.1218861E+05 0.2970706E-08 0.3101697E-08 0.3169587E-08 0.3216068E-08 0.3251655E-08 0.3280676E-08 0.3305285E-08 0.3326789E-08 0.3345892E-08 0.3363111E-08 0.3378919E-08 0.3393404E-08 0.3406828E-08
 0.1142320E+05 0.2973291E-08 0.3103096E-08 0.3170335E-08 0.3216347E-08 0.3251569E-08 0.3280291E-08 0.3304634E-08 0.3325908E-08 0.3344806E-08 0.3361836E-08 0.3377469E-08 0.3391793E-08 0.3405065E-08
 0.1070584E+05 0.2976319E-08 0.3104985E-08 0.3171593E-08 0.3217157E-08 0.3252027E-08 0.3280457E-08 0.3304549E-08 0.3325599E-08 0.3344298E-08 0.3361141E-08 0.3376604E-08 0.3390772E-08 0.3403899E-08
 0.1003354E+05 0.2979792E-08 0.3107359E-08 0.3173355E-08 0.3218490E-08 0.3253021E-08 0.3281169E-08 0.3305018E-08 0.3325854E-08 0.3344355E-08 0.3361027E-08 0.3376327E-08 0.3390345E-08 0.3403331E-08
 0.9403458E+04 0.2983708E-08 0.3110214E-08 0.3175623E-08 0.3220342E-08 0.3254546E-08 0.3282419E-08 0.3306038E-08 0.3326666E-08 0.3344982E-08 0.3361484E-08 0.3376627E-08 0.3390500E-08 0.3403350E-08
 0.8812943E+04 0.2988063E-08 0.3113544E-08 0.3178391E-08 0.3222705E-08 0.3256594E-08 0.3284209E-08 0.3307599E-08 0.3328028E-08 0.3346167E-08 0.3362506E-08 0.3377499E-08 0.3391232E-08 0.3403952E-08
 0.8259510E+04 0.2992855E-08 0.3117355E-08 0.3181657E-08 0.3225584E-08 0.3259170E-08 0.3286532E-08 0.3309705E-08 0.3329941E-08 0.3347908E-08 0.3364086E-08 0.3378933E-08 0.3392531E-08 0.3405125E-08
 0.7740831E+04 0.2998090E-08 0.3121641E-08 0.3185414E-08 0.3228972E-08 0.3262266E-08 0.3289385E-08 0.3312348E-08 0.3332400E-08 0.3350197E-08 0.3366227E-08 0.3380933E-08 0.3394401E-08 0.3406875E-08
 0.7254725E+04 0.3003763E-08 0.3126401E-08 0.3189668E-08 0.3232868E-08 0.3265880E-08 0.3292761E-08 0.3315527E-08 0.3335400E-08 0.3353036E-08 0.3368920E-08 0.3383491E-08 0.3396835E-08 0.3409192E-08
 0.6799145E+04 0.3009875E-08 0.3131631E-08 0.3194415E-08 0.3237265E-08 0.3270006E-08 0.3296665E-08 0.3319233E-08 0.3338934E-08 0.3356420E-08 0.3372164E-08 0.3386605E-08 0.3399828E-08 0.3412072E-08
 0.6372174E+04 0.3016513E-08 0.3137337E-08 0.3199652E-08 0.3242170E-08 0.3274649E-08 0.3301092E-08 0.3323473E-08 0.3343008E-08 0.3360346E-08 0.3375950E-08 0.3390266E-08 0.3403373E-08 0.3415510E-08
 0.5972016E+04 0.3032603E-08 0.3143515E-08 0.3205376E-08 0.3247578E-08 0.3279806E-08 0.3306040E-08 0.3328241E-08 0.3347617E-08 0.3364807E-08 0.3380285E-08 0.3394480E-08 0.3407476E-08 0.3419509E-08
 0.5596987E+04 0.3070698E-08 0.3150177E-08 0.3211594E-08 0.3253488E-08 0.3285474E-08 0.3311503E-08 0.3333535E-08 0.3352758E-08 0.3369811E-08 0.3385164E-08 0.3399243E-08 0.3412131E-08 0.3424063E-08
 0.5245509E+04 0.3117593E-08 0.3161167E-08 0.3218309E-08 0.3259897E-08 0.3291651E-08 0.3317490E-08 0.3339352E-08 0.3358428E-08 0.3375351E-08 0.3390584E-08 0.3404551E-08 0.3417336E-08 0.3429172E-08
 0.4916103E+04 0.3168397E-08 0.3193949E-08 0.3228354E-08 0.3266881E-08 0.3298342E-08 0.3323996E-08 0.3345698E-08 0.3364632E-08 0.3381428E-08 0.3396540E-08 0.3410400E-08 0.3423086E-08 0.3434830E-08
 0.4607383E+04 0.3221914E-08 0.3240410E-08 0.3259714E-08 0.3281789E-08 0.3306799E-08 0.3331157E-08 0.3352579E-08 0.3371366E-08 0.3388037E-08 0.3403042E-08 0.3416798E-08 0.3429389E-08 0.3441043E-08
 0.4318049E+04 0.3278063E-08 0.3293286E-08 0.3307362E-08 0.3321065E-08 0.3334927E-08 0.3349384E-08 0.3364601E-08 0.3380306E-08 0.3395719E-08 0.3410239E-08 0.3423785E-08 0.3436251E-08 0.3447812E-08
 0.4046886E+04 0.3337470E-08 0.3351366E-08 0.3363679E-08 0.3375006E-08 0.3385656E-08 0.3395833E-08 0.3405665E-08 0.3415278E-08 0.3424711E-08 0.3434002E-08 0.3443253E-08 0.3452369E-08 0.3461371E-08
 0.3792751E+04 0.3401417E-08 0.3415397E-08 0.3427753E-08 0.3439071E-08 0.3449654E-08 0.3459697E-08 0.3469313E-08 0.3478608E-08 0.3487612E-08 0.3496356E-08 0.3504933E-08 0.3513275E-08 0.3521424E-08
 0.3554574E+04 0.3470784E-08 0.3485524E-08 0.3498550E-08 0.3510463E-08 0.3521581E-08 0.3532108E-08 0.3542159E-08 0.3551854E-08 0.3561231E-08 0.3570319E-08 0.3579220E-08 0.3587864E-08 0.3596301E-08
 0.3331355E+04 0.3543924E-08 0.3559190E-08 0.3572652E-08 0.3584948E-08 0.3596412E-08 0.3607264E-08 0.3617622E-08 0.3627619E-08 0.3637283E-08 0.3646651E-08 0.3655826E-08 0.3664736E-08 0.3673434E-08
 0.3122154E+04 0.3619308E-08 0.3635044E-08 0.3648914E-08 0.3661590E-08 0.3673407E-08 0.3684593E-08 0.3695274E-08 0.3705576E-08 0.3715539E-08 0.3725196E-08 0.3734656E-08 0.3743843E-08 0.3752812E-08
 0.2926090E+04 0.3696869E-08 0.3713089E-08 0.3727387E-08 0.3740454E-08 0.3752637E-08 0.3764170E-08 0.3775183E-08 0.3785805E-08 0.3796079E-08 0.3806038E-08 0.3815794E-08 0.3825268E-08 0.3834518E-08
 0.2742338E+04 0.3776683E-08 0.3793405E-08 0.3808147E-08 0.3821622E-08 0.3834185E-08 0.3846078E-08 0.3857437E-08 0.3868392E-08 0.3878988E-08 0.3889261E-08 0.3899324E-08 0.3909098E-08 0.3918640E-08
 0.2570125E+04 0.3858832E-08 0.3876077E-08 0.3891281E-08 0.3905178E-08 0.3918136E-08 0.3930404E-08 0.3942122E-08 0.3953423E-08 0.3964356E-08 0.3974955E-08 0.3985337E-08 0.3995422E-08 0.4005269E-08
 0.2408727E+04 0.3943403E-08 0.3961191E-08 0.3976876E-08 0.3991213E-08 0.4004582E-08 0.4017240E-08 0.4029331E-08 0.4040992E-08 0.4052274E-08 0.4063212E-08 0.4073928E-08 0.4084336E-08 0.4094500E-08
 0.2257465E+04 0.4030488E-08 0.4048841E-08 0.4065025E-08 0.4079820E-08 0.4093617E-08 0.4106680E-08 0.4119158E-08 0.4131195E-08 0.4142841E-08 0.4154131E-08 0.4165193E-08 0.4175939E-08 0.4186432E-08
 0.2115701E+04 0.4120181E-08 0.4139122E-08 0.4155826E-08 0.4171097E-08 0.4185338E-08 0.4198823E-08 0.4211706E-08 0.4224133E-08 0.4236157E-08 0.4247815E-08 0.4259237E-08 0.4270334E-08 0.4281170E-08
 0.1982840E+04 0.4212582E-08 0.4232135E-08 0.4249379E-08 0.4265145E-08 0.4279850E-08 0.4293775E-08 0.4307078E-08 0.4319911E-08 0.4332329E-08 0.4344369E-08 0.4356167E-08 0.4367629E-08 0.4378822E-08
 0.1858322E+04 0.4307795E-08 0.4327984E-08 0.4345791E-08 0.4362073E-08 0.4377260E-08 0.4391642E-08 0.4405383E-08 0.4418640E-08 0.4431468E-08 0.4443907E-08 0.4456096E-08 0.4467939E-08 0.4479504E-08
 0.1741624E+04 0.4405928E-08 0.4426780E-08 0.4445174E-08 0.4461993E-08 0.4477682E-08 0.4492541E-08 0.4506738E-08 0.4520436E-08 0.4533692E-08 0.4546546E-08 0.4559143E-08 0.4571382E-08 0.4583335E-08
 0.1632254E+04 0.4507097E-08 0.4528639E-08 0.4547643E-08 0.4565023E-08 0.4581235E-08 0.4596590E-08 0.4611263E-08 0.4625421E-08 0.4639122E-08 0.4652409E-08 0.4665431E-08 0.4678083E-08 0.4690441E-08
 0.1529752E+04 0.4611419E-08 0.4633681E-08 0.4653321E-08 0.4671284E-08 0.4688042E-08 0.4703915E-08 0.4719084E-08 0.4733721E-08 0.4747886E-08 0.4761625E-08 0.4775090E-08 0.4788173E-08 0.4800954E-08
 0.1433687E+04 0.4719021E-08 0.4742033E-08 0.4762337E-08 0.4780908E-08 0.4798235E-08 0.4814648E-08 0.4830333E-08 0.4845470E-08 0.4860120E-08 0.4874330E-08 0.4888257E-08 0.4901791E-08 0.4915011E-08
 0.1343654E+04 0.4830033E-08 0.4853827E-08 0.4874824E-08 0.4894029E-08 0.4911949E-08 0.4928926E-08 0.4945151E-08 0.4960809E-08 0.4975965E-08 0.4990666E-08 0.5005076E-08 0.5019079E-08 0.5032759E-08
 0.1259276E+04 0.4944595E-08 0.4969205E-08 0.4990923E-08 0.5010791E-08 0.5029330E-08 0.5046894E-08 0.5063682E-08 0.5079885E-08 0.5095569E-08 0.5110783E-08 0.5125696E-08 0.5140190E-08 0.5154350E-08
 0.1180196E+04 0.5062849E-08 0.5088310E-08 0.5110782E-08 0.5131341E-08 0.5150527E-08 0.5168705E-08 0.5186080E-08 0.5202852E-08 0.5219087E-08 0.5234836E-08 0.5250276E-08 0.5265282E-08 0.5279943E-08
 0.1106083E+04 0.5184949E-08 0.5211299E-08 0.5234557E-08 0.5255838E-08 0.5275698E-08 0.5294517E-08 0.5312507E-08 0.5329872E-08 0.5346683E-08 0.5362993E-08 0.5378982E-08 0.5394523E-08 0.5409708E-08
 0.1036623E+04 0.5311052E-08 0.5338331E-08 0.5362411E-08 0.5384446E-08 0.5405011E-08 0.5424500E-08 0.5443131E-08 0.5461117E-08 0.5478530E-08 0.5495425E-08 0.5511989E-08 0.5528089E-08 0.5543822E-08
 0.9715257E+03 0.5441328E-08 0.5469577E-08 0.5494516E-08 0.5517338E-08 0.5538641E-08 0.5558829E-08 0.5578131E-08 0.5596766E-08 0.5614808E-08 0.5632315E-08 0.5649480E-08 0.5666166E-08 0.5682472E-08
 0.9105161E+03 0.5575952E-08 0.5605214E-08 0.5631051E-08 0.5654697E-08 0.5676770E-08 0.5697691E-08 0.5717694E-08 0.5737007E-08 0.5755708E-08 0.5773855E-08 0.5791648E-08 0.5808947E-08 0.5825852E-08
 0.8533377E+03 0.5715110E-08 0.5745432E-08 0.5772207E-08 0.5796714E-08 0.5819594E-08 0.5841280E-08 0.5862018E-08 0.5882041E-08 0.5901430E-08 0.5920247E-08 0.5938698E-08 0.5956638E-08 0.5974171E-08
 0.7997501E+03 0.5858996E-08 0.5890426E-08 0.5918183E-08 0.5943592E-08 0.5967315E-08 0.5989803E-08 0.6011309E-08 0.6032075E-08 0.6052186E-08 0.6071704E-08 0.6090844E-08 0.6109455E-08 0.6127645E-08
 0.7495276E+03 0.6007815E-08 0.6040406E-08 0.6069191E-08 0.6095543E-08 0.6120149E-08 0.6143477E-08 0.6165787E-08 0.6187331E-08 0.6208198E-08 0.6228450E-08 0.6248313E-08 0.6267626E-08 0.6286505E-08
 0.7024589E+03 0.6161784E-08 0.6195590E-08 0.6225451E-08 0.6252791E-08 0.6278323E-08 0.6302529E-08 0.6325682E-08 0.6348042E-08 0.6369700E-08 0.6390722E-08 0.6411341E-08 0.6431392E-08 0.6450993E-08
 0.6583461E+03 0.6321130E-08 0.6356208E-08 0.6387197E-08 0.6415573E-08 0.6442074E-08 0.6467202E-08 0.6491237E-08 0.6514452E-08 0.6536940E-08 0.6558769E-08 0.6580182E-08 0.6601006E-08 0.6621363E-08
 0.6170035E+03 0.6486094E-08 0.6522506E-08 0.6554676E-08 0.6584137E-08 0.6611654E-08 0.6637748E-08 0.6662710E-08 0.6686821E-08 0.6710180E-08 0.6732856E-08 0.6755100E-08 0.6776735E-08 0.6797887E-08
 0.5782571E+03 0.6656928E-08 0.6694738E-08 0.6728148E-08 0.6758747E-08 0.6787330E-08 0.6814437E-08 0.6840370E-08 0.6865423E-08 0.6889694E-08 0.6913259E-08 0.6936377E-08 0.6958863E-08 0.6980849E-08
 0.5419438E+03 0.6833901E-08 0.6873177E-08 0.6907887E-08 0.6939680E-08 0.6969381E-08 0.6997552E-08 0.7024505E-08 0.7050545E-08 0.7075776E-08 0.7100273E-08 0.7124309E-08 0.7147689E-08 0.7170551E-08
 0.5079110E+03 0.7017293E-08 0.7058109E-08 0.7094183E-08 0.7127230E-08 0.7158105E-08 0.7187393E-08 0.7215417E-08 0.7242494E-08 0.7268732E-08 0.7294209E-08 0.7319209E-08 0.7343528E-08 0.7367310E-08
 0.4760153E+03 0.7207405E-08 0.7249836E-08 0.7287343E-08 0.7321706E-08 0.7353815E-08 0.7384276E-08 0.7413425E-08 0.7441592E-08 0.7468889E-08 0.7495397E-08 0.7521409E-08 0.7546716E-08 0.7571466E-08
 0.4461227E+03 0.7404550E-08 0.7448678E-08 0.7487690E-08 0.7523437E-08 0.7556843E-08 0.7588536E-08 0.7618869E-08 0.7648182E-08 0.7676591E-08 0.7704183E-08 0.7731260E-08 0.7757606E-08 0.7783374E-08
 0.4181072E+03 0.7609062E-08 0.7654974E-08 0.7695569E-08 0.7732770E-08 0.7767539E-08 0.7800529E-08 0.7832106E-08 0.7862625E-08 0.7892205E-08 0.7920936E-08 0.7949135E-08 0.7976574E-08 0.8003414E-08
 0.3918510E+03 0.7821294E-08 0.7869081E-08 0.7911341E-08 0.7950072E-08 0.7986275E-08 0.8020630E-08 0.8053517E-08 0.8085304E-08 0.8116117E-08 0.8146048E-08 0.8175428E-08 0.8204019E-08 0.8231987E-08
 0.3672436E+03 0.8041619E-08 0.8091380E-08 0.8135392E-08 0.8175733E-08 0.8213446E-08 0.8249238E-08 0.8283503E-08 0.8316626E-08 0.8348738E-08 0.8379934E-08 0.8410557E-08 0.8440360E-08 0.8469518E-08
 0.3441816E+03 0.8270434E-08 0.8322273E-08 0.8368129E-08 0.8410166E-08 0.8449469E-08 0.8486774E-08 0.8522492E-08 0.8557024E-08 0.8590504E-08 0.8623032E-08 0.8654966E-08 0.8686049E-08 0.8716460E-08
 0.3225677E+03 0.8508159E-08 0.8562186E-08 0.8609984E-08 0.8653809E-08 0.8694788E-08 0.8733688E-08 0.8770938E-08 0.8806953E-08 0.8841876E-08 0.8875810E-08 0.8909127E-08 0.8941559E-08 0.8973293E-08
 0.3023112E+03 0.8755238E-08 0.8811572E-08 0.8861418E-08 0.8907127E-08 0.8949873E-08 0.8990456E-08 0.9029321E-08 0.9066902E-08 0.9103348E-08 0.9138764E-08 0.9173541E-08 0.9207397E-08 0.9240528E-08
 0.2833268E+03 0.9012145E-08 0.9070911E-08 0.9122917E-08 0.9170614E-08 0.9215224E-08 0.9257583E-08 0.9298153E-08 0.9337388E-08 0.9375440E-08 0.9412422E-08 0.9448741E-08 0.9484101E-08 0.9518707E-08
 0.2655345E+03 0.9279381E-08 0.9340714E-08 0.9395000E-08 0.9444795E-08 0.9491374E-08 0.9535607E-08 0.9577978E-08 0.9618959E-08 0.9658710E-08 0.9697347E-08 0.9735294E-08 0.9772244E-08 0.9808410E-08
 0.2488595E+03 0.9557482E-08 0.9621524E-08 0.9678218E-08 0.9730229E-08 0.9778888E-08 0.9825102E-08 0.9869376E-08 0.9912204E-08 0.9953750E-08 0.9994136E-08 0.1003381E-07 0.1007244E-07 0.1011025E-07
 0.2332317E+03 0.9847015E-08 0.9913919E-08 0.9973158E-08 0.1002751E-07 0.1007837E-07 0.1012668E-07 0.1017296E-07 0.1021774E-07 0.1026119E-07 0.1030343E-07 0.1034492E-07 0.1038533E-07 0.1042489E-07
 0.2185853E+03 0.1014858E-07 0.1021851E-07 0.1028044E-07 0.1033727E-07 0.1039046E-07 0.1044098E-07 0.1048940E-07 0.1053625E-07 0.1058170E-07 0.1062590E-07 0.1066932E-07 0.1071162E-07 0.1075303E-07
 0.2048586E+03 0.1046283E-07 0.1053597E-07 0.1060074E-07 0.1066020E-07 0.1071584E-07 0.1076871E-07 0.1081939E-07 0.1086842E-07 0.1091601E-07 0.1096228E-07 0.1100775E-07 0.1105204E-07 0.1109541E-07
 0.1919940E+03 0.1079045E-07 0.1086697E-07 0.1093476E-07 0.1099700E-07 0.1105525E-07 0.1111061E-07 0.1116367E-07 0.1121502E-07 0.1126487E-07 0.1131334E-07 0.1136098E-07 0.1140739E-07 0.1145284E-07
 0.1799372E+03 0.1113217E-07 0.1121228E-07 0.1128327E-07 0.1134844E-07 0.1140946E-07 0.1146746E-07 0.1152305E-07 0.1157687E-07 0.1162911E-07 0.1167992E-07 0.1172986E-07 0.1177852E-07 0.1182618E-07
 0.1686375E+03 0.1148877E-07 0.1157269E-07 0.1164707E-07 0.1171536E-07 0.1177931E-07 0.1184011E-07 0.1189839E-07 0.1195482E-07 0.1200960E-07 0.1206289E-07 0.1211528E-07 0.1216633E-07 0.1221633E-07
 0.1580475E+03 0.1186110E-07 0.1194905E-07 0.1202702E-07 0.1209863E-07 0.1216570E-07 0.1222946E-07 0.1229061E-07 0.1234981E-07 0.1240729E-07 0.1246322E-07 0.1251820E-07 0.1257179E-07 0.1262429E-07
 0.1481225E+03 0.1225004E-07 0.1234228E-07 0.1242407E-07 0.1249920E-07 0.1256957E-07 0.1263649E-07 0.1270067E-07 0.1276283E-07 0.1282318E-07 0.1288192E-07 0.1293966E-07 0.1299595E-07 0.1305111E-07
 0.1388207E+03 0.1265655E-07 0.1275335E-07 0.1283919E-07 0.1291806E-07 0.1299196E-07 0.1306224E-07 0.1312965E-07 0.1319494E-07 0.1325836E-07 0.1332007E-07 0.1338076E-07 0.1343993E-07 0.1349791E-07
 0.1301031E+03 0.1308166E-07 0.1318330E-07 0.1327346E-07 0.1335632E-07 0.1343396E-07 0.1350781E-07 0.1357866E-07 0.1364730E-07 0.1371397E-07 0.1377887E-07 0.1384270E-07 0.1390493E-07 0.1396593E-07
 0.1219329E+03 0.1352647E-07 0.1363327E-07 0.1372802E-07 0.1381512E-07 0.1389675E-07 0.1397441E-07 0.1404893E-07 0.1412113E-07 0.1419128E-07 0.1425956E-07 0.1432674E-07 0.1439224E-07 0.1445645E-07
 0.1142758E+03 0.1399216E-07 0.1410445E-07 0.1420410E-07 0.1429572E-07 0.1438160E-07 0.1446332E-07 0.1454176E-07 0.1461776E-07 0.1469161E-07 0.1476352E-07 0.1483426E-07 0.1490326E-07 0.1497091E-07
 0.1070995E+03 0.1448001E-07 0.1459816E-07 0.1470303E-07 0.1479946E-07 0.1488988E-07 0.1497594E-07 0.1505855E-07 0.1513861E-07 0.1521642E-07 0.1529219E-07 0.1536675E-07 0.1543949E-07 0.1551080E-07
 0.1003739E+03 0.1499137E-07 0.1511577E-07 0.1522621E-07 0.1532780E-07 0.1542306E-07 0.1551375E-07 0.1560082E-07 0.1568522E-07 0.1576726E-07 0.1584717E-07 0.1592581E-07 0.1600254E-07 0.1607779E-07
 0.9407068E+02 0.1552772E-07 0.1565879E-07 0.1577519E-07 0.1588228E-07 0.1598273E-07 0.1607837E-07 0.1617021E-07 0.1625925E-07 0.1634582E-07 0.1643016E-07 0.1651317E-07 0.1659418E-07 0.1667363E-07
 0.8816325E+02 0.1609065E-07 0.1622885E-07 0.1635162E-07 0.1646460E-07 0.1657059E-07 0.1667153E-07 0.1676848E-07 0.1686250E-07 0.1695392E-07 0.1704300E-07 0.1713070E-07 0.1721629E-07 0.1730026E-07
 0.8262680E+02 0.1668186E-07 0.1682770E-07 0.1695729E-07 0.1707656E-07 0.1718850E-07 0.1729512E-07 0.1739755E-07 0.1749690E-07 0.1759352E-07 0.1768769E-07 0.1778041E-07 0.1787093E-07 0.1795974E-07
 0.7743803E+02 0.1730320E-07 0.1745722E-07 0.1759412E-07 0.1772015E-07 0.1783846E-07 0.1795117E-07 0.1805948E-07 0.1816455E-07 0.1826676E-07 0.1836639E-07 0.1846451E-07 0.1856031E-07 0.1865433E-07
 0.7257509E+02 0.1795668E-07 0.1811947E-07 0.1826420E-07 0.1839749E-07 0.1852263E-07 0.1864189E-07 0.1875651E-07 0.1886773E-07 0.1897595E-07 0.1908145E-07 0.1918538E-07 0.1928687E-07 0.1938649E-07
 0.6801754E+02 0.1864445E-07 0.1881666E-07 0.1896981E-07 0.1911089E-07 0.1924338E-07 0.1936968E-07 0.1949108E-07 0.1960892E-07 0.1972359E-07 0.1983542E-07 0.1994560E-07 0.2005321E-07 0.2015887E-07
 0.6374620E+02 0.1936887E-07 0.1955120E-07 0.1971340E-07 0.1986286E-07 0.2000326E-07 0.2013712E-07 0.2026584E-07 0.2039080E-07 0.2051243E-07 0.2063107E-07 0.2074799E-07 0.2086221E-07 0.2097438E-07
 0.5974308E+02 0.2013248E-07 0.2032569E-07 0.2049764E-07 0.2065612E-07 0.2080504E-07 0.2094707E-07 0.2108366E-07 0.2121630E-07 0.2134545E-07 0.2147144E-07 0.2159563E-07 0.2171699E-07 0.2183618E-07
 0.5599135E+02 0.2093805E-07 0.2114299E-07 0.2132543E-07 0.2149365E-07 0.2165176E-07 0.2180259E-07 0.2194769E-07 0.2208863E-07 0.2222588E-07 0.2235982E-07 0.2249187E-07 0.2262094E-07 0.2274773E-07
 0.5247522E+02 0.2178859E-07 0.2200619E-07 0.2219996E-07 0.2237868E-07 0.2254672E-07 0.2270706E-07 0.2286136E-07 0.2301126E-07 0.2315729E-07 0.2329981E-07 0.2344037E-07 0.2357779E-07 0.2371282E-07
 0.4917990E+02 0.2268740E-07 0.2291866E-07 0.2312468E-07 0.2331475E-07 0.2349352E-07 0.2366415E-07 0.2382840E-07 0.2398801E-07 0.2414354E-07 0.2429538E-07 0.2444516E-07 0.2459163E-07 0.2473559E-07
 0.4609151E+02 0.2363806E-07 0.2388409E-07 0.2410336E-07 0.2430573E-07 0.2449612E-07 0.2467790E-07 0.2485293E-07 0.2502307E-07 0.2518891E-07 0.2535085E-07 0.2551064E-07 0.2566694E-07 0.2582059E-07
 0.4319707E+02 0.2464449E-07 0.2490653E-07 0.2514015E-07 0.2535584E-07 0.2555884E-07 0.2575272E-07 0.2593946E-07 0.2612103E-07 0.2629806E-07 0.2647098E-07 0.2664165E-07 0.2680864E-07 0.2697284E-07
 0.4048439E+02 0.2571100E-07 0.2599039E-07 0.2623958E-07 0.2646974E-07 0.2668643E-07 0.2689346E-07 0.2709292E-07 0.2728693E-07 0.2747614E-07 0.2766101E-07 0.2784353E-07 0.2802216E-07 0.2819786E-07
 0.3794206E+02 0.2684229E-07 0.2714053E-07 0.2740665E-07 0.2765254E-07 0.2788412E-07 0.2810546E-07 0.2831878E-07 0.2852633E-07 0.2872881E-07 0.2892672E-07 0.2912216E-07 0.2931349E-07 0.2950174E-07
 0.3555939E+02 0.2804356E-07 0.2836229E-07 0.2864684E-07 0.2890986E-07 0.2915767E-07 0.2939461E-07 0.2962304E-07 0.2984537E-07 0.3006234E-07 0.3027447E-07 0.3048403E-07 0.3068925E-07 0.3089123E-07
 0.3332634E+02 0.2932050E-07 0.2966157E-07 0.2996620E-07 0.3024791E-07 0.3051344E-07 0.3076740E-07 0.3101235E-07 0.3125083E-07 0.3148364E-07 0.3171135E-07 0.3193637E-07 0.3215679E-07 0.3237380E-07
 0.3123352E+02 0.3067940E-07 0.3104485E-07 0.3137142E-07 0.3167355E-07 0.3195845E-07 0.3223105E-07 0.3249406E-07 0.3275024E-07 0.3300041E-07 0.3324518E-07 0.3348715E-07 0.3372425E-07 0.3395777E-07
 0.2927213E+02 0.3212723E-07 0.3251933E-07 0.3286989E-07 0.3319439E-07 0.3350050E-07 0.3379352E-07 0.3407636E-07 0.3435195E-07 0.3462118E-07 0.3488469E-07 0.3514528E-07 0.3540072E-07 0.3565239E-07
 0.2743390E+02 0.3367168E-07 0.3409298E-07 0.3446985E-07 0.3481886E-07 0.3514826E-07 0.3546371E-07 0.3576833E-07 0.3606525E-07 0.3635545E-07 0.3663959E-07 0.3692069E-07 0.3719633E-07 0.3746801E-07
 0.2571112E+02 0.3532131E-07 0.3577464E-07 0.3618040E-07 0.3655637E-07 0.3691137E-07 0.3725151E-07 0.3758010E-07 0.3790054E-07 0.3821384E-07 0.3852074E-07 0.3882446E-07 0.3912242E-07 0.3941620E-07
 0.2409652E+02 0.3708563E-07 0.3757418E-07 0.3801174E-07 0.3841739E-07 0.3880061E-07 0.3916796E-07 0.3952302E-07 0.3986941E-07 0.4020825E-07 0.4054030E-07 0.4086905E-07 0.4119170E-07 0.4150995E-07
 0.2258331E+02 0.3897523E-07 0.3950261E-07 0.3997523E-07 0.4041363E-07 0.4082803E-07 0.4122546E-07 0.4160978E-07 0.4198491E-07 0.4235202E-07 0.4271193E-07 0.4306844E-07 0.4341848E-07 0.4376390E-07
 0.2116513E+02 0.4100199E-07 0.4157223E-07 0.4208361E-07 0.4255825E-07 0.4300716E-07 0.4343792E-07 0.4385468E-07 0.4426168E-07 0.4466018E-07 0.4505105E-07 0.4543841E-07 0.4581892E-07 0.4619458E-07
 0.1983601E+02 0.4317919E-07 0.4379688E-07 0.4435119E-07 0.4486602E-07 0.4535323E-07 0.4582100E-07 0.4627382E-07 0.4671627E-07 0.4714970E-07 0.4757506E-07 0.4799680E-07 0.4841129E-07 0.4882069E-07
 0.1859035E+02 0.4552175E-07 0.4619209E-07 0.4679410E-07 0.4735360E-07 0.4788342E-07 0.4839241E-07 0.4888542E-07 0.4936740E-07 0.4983982E-07 0.5030370E-07 0.5076387E-07 0.5121636E-07 0.5166353E-07
 0.1742292E+02 0.4804652E-07 0.4877542E-07 0.4943054E-07 0.5003984E-07 0.5061719E-07 0.5117221E-07 0.5171013E-07 0.5223633E-07 0.5275239E-07 0.5325941E-07 0.5376266E-07 0.5425779E-07 0.5474737E-07
 0.1632880E+02 0.5077252E-07 0.5156675E-07 0.5228117E-07 0.5294613E-07 0.5357667E-07 0.5418323E-07 0.5477149E-07 0.5534729E-07 0.5591235E-07 0.5646785E-07 0.5701956E-07 0.5756267E-07 0.5810001E-07
 0.1530339E+02 0.5372133E-07 0.5458863E-07 0.5536947E-07 0.5609683E-07 0.5678706E-07 0.5745152E-07 0.5809638E-07 0.5872801E-07 0.5934827E-07 0.5995842E-07 0.6056479E-07 0.6116210E-07 0.6175343E-07
 0.1434237E+02 0.5691752E-07 0.5786680E-07 0.5872224E-07 0.5951978E-07 0.6027723E-07 0.6100694E-07 0.6171564E-07 0.6241032E-07 0.6309296E-07 0.6376495E-07 0.6443323E-07 0.6509196E-07 0.6574453E-07
 0.1344170E+02 0.6038914E-07 0.6143069E-07 0.6237022E-07 0.6324695E-07 0.6408031E-07 0.6488382E-07 0.6566481E-07 0.6643094E-07 0.6718435E-07 0.6792656E-07 0.6866521E-07 0.6939384E-07 0.7011616E-07
 0.1259759E+02 0.6416836E-07 0.6531410E-07 0.6634873E-07 0.6731513E-07 0.6823458E-07 0.6912186E-07 0.6998500E-07 0.7083241E-07 0.7166643E-07 0.7248869E-07 0.7330766E-07 0.7411614E-07 0.7491823E-07
 0.1180649E+02 0.6829220E-07 0.6955605E-07 0.7069861E-07 0.7176695E-07 0.7278437E-07 0.7376711E-07 0.7472399E-07 0.7566425E-07 0.7659046E-07 0.7750439E-07 0.7841543E-07 0.7931554E-07 0.8020928E-07
 0.1106507E+02 0.7280350E-07 0.7420170E-07 0.7546726E-07 0.7665193E-07 0.7778132E-07 0.7887332E-07 0.7993762E-07 0.8098442E-07 0.8201654E-07 0.8303591E-07 0.8405297E-07 0.8505875E-07 0.8605829E-07
 0.1037021E+02 0.7775197E-07 0.7930366E-07 0.8070998E-07 0.8202799E-07 0.8328592E-07 0.8450352E-07 0.8569146E-07 0.8686108E-07 0.8801546E-07 0.8915671E-07 0.9029649E-07 0.9142472E-07 0.9254704E-07
 0.9718986E+01 0.8319570E-07 0.8492347E-07 0.8649160E-07 0.8796315E-07 0.8936933E-07 0.9073202E-07 0.9206303E-07 0.9337496E-07 0.9467120E-07 0.0000000E+00 0.0000000E+00 0.0000000E+00 0.0000000E+00
 0.9108655E+01 0.8920281E-07 0.9113357E-07 0.9288859E-07 0.9453782E-07 0.9611587E-07 0.9764704E-07 0.0000000E+00 0.0000000E+00 0.0000000E+00 0.0000000E+00 0.0000000E+00 0.0000000E+00 0.0000000E+00
 0.8536653E+01 0.9585375E-07 0.9801967E-07 0.9999168E-07 0.0000000E+00 0.0000000E+00 0.0000000E+00 0.0000000E+00 0.0000000E+00 0.0000000E+00 0.0000000E+00 0.0000000E+00 0.0000000E+00 0.0000000E+00
 0.8000570E+01 0.1032440E-06 0.0000000E+00 0.0000000E+00 0.0000000E+00 0.0000000E+00 0.0000000E+00 0.0000000E+00 0.0000000E+00 0.0000000E+00 0.0000000E+00 0.0000000E+00 0.0000000E+00 0.0000000E+00