 k(Mpc^-1)     CL=0.4515     CL=0.5763     CL=0.6827     CL=0.7699     CL=0.8385     CL=0.8904     CL=0.9281     CL=0.9545     CL=0.9722     CL=0.9836     CL=0.9907     CL=0.9949     CL=0.9973
 0.3020793E+07 0.3869549E-06 0.0000000E+00 0.0000000E+00 0.0000000E+00 0.0000000E+00 0.0000000E+00 0.0000000E+00 0.0000000E+00 0.0000000E+00 0.0000000E+00 0.0000000E+00 0.0000000E+00 0.0000000E+00
 0.2831094E+07 0.3716740E-06 0.0000000E+00 0.0000000E+00 0.0000000E+00 0.0000000E+00 0.0000000E+00 0.0000000E+00 0.0000000E+00 0.0000000E+00 0.0000000E+00 0.0000000E+00 0.0000000E+00 0.0000000E+00
 0.2653308E+07 0.3577172E-06 0.0000000E+00 0.0000000E+00 0.0000000E+00 0.0000000E+00 0.0000000E+00 0.0000000E+00 0.0000000E+00 0.0000000E+00 0.0000000E+00 0.0000000E+00 0.0000000E+00 0.0000000E+00
 0.2486686E+07 0.3449247E-06 0.0000000E+00 0.0000000E+00 0.0000000E+00 0.0000000E+00 0.0000000E+00 0.0000000E+00 0.0000000E+00 0.0000000E+00 0.0000000E+00 0.0000000E+00 0.0000000E+00 0.0000000E+00
 0.2330528E+07 0.3331655E-06 0.4046594E-06 0.0000000E+00 0.0000000E+00 0.0000000E+00 0.0000000E+00 0.0000000E+00 0.0000000E+00 0.0000000E+00 0.0000000E+00 0.0000000E+00 0.0000000E+00 0.0000000E+00
 0.2184176E+07 0.3223233E-06 0.3884665E-06 0.0000000E+00 0.0000000E+00 0.0000000E+00 0.0000000E+00 0.0000000E+00 0.0000000E+00 0.0000000E+00 0.0000000E+00 0.0000000E+00 0.0000000E+00 0.0000000E+00
 0.2047015E+07 0.3122995E-06 0.3736924E-06 0.4126890E-06 0.0000000E+00 0.0000000E+00 0.0000000E+00 0.0000000E+00 0.0000000E+00 0.0000000E+00 0.0000000E+00 0.0000000E+00 0.0000000E+00 0.0000000E+00
 0.1918467E+07 0.3030080E-06 0.3601693E-06 0.3961151E-06 0.4238631E-06 0.0000000E+00 0.0000000E+00 0.0000000E+00 0.0000000E+00 0.0000000E+00 0.0000000E+00 0.0000000E+00 0.0000000E+00 0.0000000E+00
 0.1797991E+07 0.2943777E-06 0.3477494E-06 0.3809992E-06 0.4065104E-06 0.4277883E-06 0.0000000E+00 0.0000000E+00 0.0000000E+00 0.0000000E+00 0.0000000E+00 0.0000000E+00 0.0000000E+00 0.0000000E+00
 0.1685082E+07 0.2863431E-06 0.3363090E-06 0.3671681E-06 0.3907093E-06 0.4102556E-06 0.4272832E-06 0.0000000E+00 0.0000000E+00 0.0000000E+00 0.0000000E+00 0.0000000E+00 0.0000000E+00 0.0000000E+00
 0.1579262E+07 0.2788479E-06 0.3257402E-06 0.3544697E-06 0.3762666E-06 0.3942908E-06 0.4099399E-06 0.4239305E-06 0.0000000E+00 0.0000000E+00 0.0000000E+00 0.0000000E+00 0.0000000E+00 0.0000000E+00
 0.1480088E+07 0.2718418E-06 0.3159546E-06 0.3427763E-06 0.3630250E-06 0.3797045E-06 0.3941394E-06 0.4070082E-06 0.4187646E-06 0.4296331E-06 0.0000000E+00 0.0000000E+00 0.0000000E+00 0.0000000E+00
 0.1387142E+07 0.2652835E-06 0.3068712E-06 0.3319771E-06 0.3508454E-06 0.3663310E-06 0.3796926E-06 0.3915737E-06 0.4024024E-06 0.4123898E-06 0.4217051E-06 0.4305306E-06 0.4388582E-06 0.0000000E+00
 0.1300033E+07 0.2591331E-06 0.2984211E-06 0.3219808E-06 0.3396106E-06 0.3540316E-06 0.3664382E-06 0.3774468E-06 0.3874573E-06 0.3966718E-06 0.4052507E-06 0.4133648E-06 0.4210089E-06 0.4282777E-06
 0.1218394E+07 0.2533565E-06 0.2905430E-06 0.3127044E-06 0.3292186E-06 0.3426859E-06 0.3542439E-06 0.3644734E-06 0.3737583E-06 0.3822913E-06 0.3902208E-06 0.3977089E-06 0.4047530E-06 0.4114419E-06
 0.1141881E+07 0.2479224E-06 0.2831862E-06 0.3040770E-06 0.3195853E-06 0.3321955E-06 0.3429917E-06 0.3525271E-06 0.3611659E-06 0.3690918E-06 0.3764438E-06 0.3833782E-06 0.3898926E-06 0.3960706E-06
 0.1070174E+07 0.2428051E-06 0.2763029E-06 0.2960355E-06 0.3106337E-06 0.3224705E-06 0.3325817E-06 0.3414948E-06 0.3495557E-06 0.3569382E-06 0.3637795E-06 0.3702219E-06 0.3762665E-06 0.3819922E-06
 0.1002969E+07 0.2379794E-06 0.2698519E-06 0.2885278E-06 0.3022979E-06 0.3134345E-06 0.3229262E-06 0.3312805E-06 0.3388226E-06 0.3457198E-06 0.3521027E-06 0.3581061E-06 0.3637321E-06 0.3690555E-06
 0.9399850E+06 0.2334232E-06 0.2637957E-06 0.2815050E-06 0.2945191E-06 0.3050198E-06 0.3139530E-06 0.3217998E-06 0.3288743E-06 0.3353364E-06 0.3413079E-06 0.3469178E-06 0.3521693E-06 0.3571332E-06
 0.8809561E+06 0.2291160E-06 0.2581036E-06 0.2749247E-06 0.2872490E-06 0.2971705E-06 0.3055952E-06 0.3129834E-06 0.3196350E-06 0.3257031E-06 0.3313024E-06 0.3365582E-06 0.3414733E-06 0.3461147E-06
 0.8256341E+06 0.2250414E-06 0.2527456E-06 0.2687484E-06 0.2804416E-06 0.2898340E-06 0.2977953E-06 0.3047667E-06 0.3110346E-06 0.3167445E-06 0.3220100E-06 0.3269461E-06 0.3315579E-06 0.3359090E-06
 0.7737861E+06 0.2211824E-06 0.2476956E-06 0.2629447E-06 0.2740571E-06 0.2829650E-06 0.2905019E-06 0.2970943E-06 0.3030130E-06 0.3083987E-06 0.3133601E-06 0.3180067E-06 0.3223440E-06 0.3264328E-06
 0.7251941E+06 0.2175244E-06 0.2429294E-06 0.2574827E-06 0.2680595E-06 0.2765224E-06 0.2836726E-06 0.2899163E-06 0.2955163E-06 0.3006077E-06 0.3052923E-06 0.3096758E-06 0.3137641E-06 0.3176151E-06
 0.6796536E+06 0.2140532E-06 0.2384276E-06 0.2523358E-06 0.2624192E-06 0.2704725E-06 0.2772666E-06 0.2831918E-06 0.2885002E-06 0.2933215E-06 0.2977525E-06 0.3018962E-06 0.3057577E-06 0.3093924E-06
 0.6369729E+06 0.2107579E-06 0.2341704E-06 0.2474791E-06 0.2571070E-06 0.2647826E-06 0.2712489E-06 0.2768814E-06 0.2819222E-06 0.2864951E-06 0.2906962E-06 0.2946206E-06 0.2982752E-06 0.3017126E-06
 0.5969724E+06 0.2076268E-06 0.2301404E-06 0.2428928E-06 0.2520978E-06 0.2594242E-06 0.2655871E-06 0.2709510E-06 0.2757457E-06 0.2800914E-06 0.2840805E-06 0.2878041E-06 0.2912692E-06 0.2945263E-06
 0.5594839E+06 0.2046496E-06 0.2263215E-06 0.2385563E-06 0.2473681E-06 0.2543711E-06 0.2602552E-06 0.2653693E-06 0.2699371E-06 0.2740746E-06 0.2778688E-06 0.2814079E-06 0.2846991E-06 0.2877908E-06
 0.5243496E+06 0.2018166E-06 0.2227008E-06 0.2344523E-06 0.2428990E-06 0.2496018E-06 0.2552269E-06 0.2601108E-06 0.2644691E-06 0.2684136E-06 0.2720272E-06 0.2753964E-06 0.2785277E-06 0.2814674E-06
 0.4914216E+06 0.1991200E-06 0.2192646E-06 0.2305639E-06 0.2386712E-06 0.2450949E-06 0.2504796E-06 0.2551502E-06 0.2593145E-06 0.2630797E-06 0.2665283E-06 0.2697407E-06 0.2727245E-06 0.2755241E-06
 0.4605615E+06 0.1965516E-06 0.2160012E-06 0.2268781E-06 0.2346680E-06 0.2408318E-06 0.2459922E-06 0.2504654E-06 0.2544498E-06 0.2580497E-06 0.2613447E-06 0.2644122E-06 0.2672596E-06 0.2699300E-06
 0.4316393E+06 0.1941040E-06 0.2128992E-06 0.2233808E-06 0.2308734E-06 0.2367947E-06 0.2417476E-06 0.2460358E-06 0.2498530E-06 0.2533003E-06 0.2564527E-06 0.2593859E-06 0.2621072E-06 0.2646580E-06
 0.4045333E+06 0.1917701E-06 0.2099498E-06 0.2200600E-06 0.2272750E-06 0.2329698E-06 0.2377284E-06 0.2418449E-06 0.2455065E-06 0.2488110E-06 0.2518304E-06 0.2546388E-06 0.2572431E-06 0.2596829E-06
 0.3791295E+06 0.1895446E-06 0.2071434E-06 0.2169041E-06 0.2238594E-06 0.2293423E-06 0.2339193E-06 0.2378755E-06 0.2413921E-06 0.2445629E-06 0.2474599E-06 0.2501523E-06 0.2526478E-06 0.2549847E-06
 0.3553211E+06 0.1874213E-06 0.2044717E-06 0.2139041E-06 0.2206152E-06 0.2258994E-06 0.2303059E-06 0.2341129E-06 0.2374940E-06 0.2405408E-06 0.2433229E-06 0.2459073E-06 0.2483015E-06 0.2505426E-06
 0.3330077E+06 0.1853948E-06 0.2019265E-06 0.2110502E-06 0.2175311E-06 0.2226289E-06 0.2268768E-06 0.2305429E-06 0.2337972E-06 0.2367288E-06 0.2394037E-06 0.2418873E-06 0.2441870E-06 0.2463388E-06
 0.3120956E+06 0.1834599E-06 0.1995016E-06 0.2083339E-06 0.2145987E-06 0.2195213E-06 0.2236198E-06 0.2271544E-06 0.2302901E-06 0.2331131E-06 0.2356871E-06 0.2380764E-06 0.2402880E-06 0.2423564E-06
 0.2924967E+06 0.1816128E-06 0.1971902E-06 0.2057467E-06 0.2118084E-06 0.2165663E-06 0.2205244E-06 0.2239355E-06 0.2269599E-06 0.2296806E-06 0.2321613E-06 0.2344624E-06 0.2365915E-06 0.2385819E-06
 0.2741286E+06 0.1798488E-06 0.1949860E-06 0.2032824E-06 0.2091522E-06 0.2137548E-06 0.2175803E-06 0.2208759E-06 0.2237957E-06 0.2264211E-06 0.2288136E-06 0.2310321E-06 0.2330838E-06 0.2350013E-06
 0.2569139E+06 0.1781640E-06 0.1928831E-06 0.2009340E-06 0.2066219E-06 0.2110782E-06 0.2147797E-06 0.2179656E-06 0.2207870E-06 0.2233232E-06 0.2256330E-06 0.2277739E-06 0.2297531E-06 0.2316022E-06
 0.2407803E+06 0.1765543E-06 0.1908771E-06 0.1986950E-06 0.2042116E-06 0.2085297E-06 0.2121138E-06 0.2151968E-06 0.2179257E-06 0.2203775E-06 0.2226089E-06 0.2246769E-06 0.2265880E-06 0.2283728E-06
 0.2256598E+06 0.1750169E-06 0.1889629E-06 0.1965596E-06 0.2019144E-06 0.2061019E-06 0.2095752E-06 0.2125611E-06 0.2152027E-06 0.2175745E-06 0.2197332E-06 0.2217326E-06 0.2235796E-06 0.2253041E-06
 0.2114889E+06 0.1735484E-06 0.1871359E-06 0.1945231E-06 0.1997243E-06 0.2037883E-06 0.2071564E-06 0.2100511E-06 0.2126103E-06 0.2149072E-06 0.2169968E-06 0.2189315E-06 0.2207182E-06 0.2223858E-06
 0.1982079E+06 0.1721457E-06 0.1853915E-06 0.1925802E-06 0.1976354E-06 0.2015824E-06 0.2048519E-06 0.2076594E-06 0.2101408E-06 0.2123674E-06 0.2143919E-06 0.2162655E-06 0.2179954E-06 0.2196094E-06
 0.1857609E+06 0.1708057E-06 0.1837267E-06 0.1907265E-06 0.1956435E-06 0.1994796E-06 0.2026552E-06 0.2053807E-06 0.2077885E-06 0.2099482E-06 0.2119106E-06 0.2137267E-06 0.2154028E-06 0.2169663E-06
 0.1740955E+06 0.1695265E-06 0.1821375E-06 0.1889571E-06 0.1937433E-06 0.1974742E-06 0.2005609E-06 0.2032087E-06 0.2055468E-06 0.2076427E-06 0.2095474E-06 0.2113091E-06 0.2129345E-06 0.2144503E-06
 0.1631627E+06 0.1683051E-06 0.1806205E-06 0.1872690E-06 0.1919304E-06 0.1955615E-06 0.1985633E-06 0.2011379E-06 0.2034100E-06 0.2054460E-06 0.2072956E-06 0.2090057E-06 0.2105832E-06 0.2120538E-06
 0.1529165E+06 0.1671393E-06 0.1791722E-06 0.1856581E-06 0.1902005E-06 0.1937365E-06 0.1966587E-06 0.1991629E-06 0.2013724E-06 0.2033520E-06 0.2051494E-06 0.2068108E-06 0.2083428E-06 0.2097707E-06
 0.1433137E+06 0.1660268E-06 0.1777903E-06 0.1841208E-06 0.1885503E-06 0.1919961E-06 0.1948421E-06 0.1972799E-06 0.1994300E-06 0.2013556E-06 0.2031031E-06 0.2047182E-06 0.2062072E-06 0.2075947E-06
 0.1343139E+06 0.1649659E-06 0.1764718E-06 0.1826538E-06 0.1869760E-06 0.1903359E-06 0.1931094E-06 0.1954842E-06 0.1975778E-06 0.1994518E-06 0.2011526E-06 0.2027239E-06 0.2041721E-06 0.2055212E-06
 0.1258793E+06 0.1639546E-06 0.1752140E-06 0.1812546E-06 0.1854742E-06 0.1887522E-06 0.1914564E-06 0.1937715E-06 0.1958115E-06 0.1976368E-06 0.1992930E-06 0.2008226E-06 0.2022321E-06 0.2035448E-06
 0.1179744E+06 0.1629910E-06 0.1740143E-06 0.1799201E-06 0.1840415E-06 0.1872415E-06 0.1898804E-06 0.1921379E-06 0.1941268E-06 0.1959062E-06 0.1975200E-06 0.1990100E-06 0.2003826E-06 0.2016607E-06
 0.1105658E+06 0.1620731E-06 0.1728709E-06 0.1786477E-06 0.1826757E-06 0.1858012E-06 0.1883775E-06 0.1905806E-06 0.1925208E-06 0.1942562E-06 0.1958292E-06 0.1972815E-06 0.1986191E-06 0.1998643E-06
 0.1036226E+06 0.1612001E-06 0.1717815E-06 0.1774345E-06 0.1813736E-06 0.1844281E-06 0.1869446E-06 0.1890959E-06 0.1909897E-06 0.1926827E-06 0.1942176E-06 0.1956341E-06 0.1969384E-06 0.1981524E-06
 0.9711529E+05 0.1603699E-06 0.1707441E-06 0.1762790E-06 0.1801328E-06 0.1831194E-06 0.1855786E-06 0.1876807E-06 0.1895303E-06 0.1911833E-06 0.1926816E-06 0.1940639E-06 0.1953364E-06 0.1965207E-06
 0.9101667E+05 0.1595814E-06 0.1697565E-06 0.1751786E-06 0.1789505E-06 0.1818723E-06 0.1842774E-06 0.1863318E-06 0.1881392E-06 0.1897545E-06 0.1912178E-06 0.1925675E-06 0.1938098E-06 0.1949657E-06
 0.8530103E+05 0.1588328E-06 0.1688175E-06 0.1741314E-06 0.1778251E-06 0.1806850E-06 0.1830380E-06 0.1850472E-06 0.1868144E-06 0.1883932E-06 0.1898228E-06 0.1911415E-06 0.1923550E-06 0.1934838E-06
 0.7994432E+05 0.1581235E-06 0.1679252E-06 0.1731350E-06 0.1767543E-06 0.1795548E-06 0.1818581E-06 0.1838241E-06 0.1855528E-06 0.1870965E-06 0.1884946E-06 0.1897837E-06 0.1909696E-06 0.1920726E-06
 0.7492400E+05 0.1574521E-06 0.1670780E-06 0.1721883E-06 0.1757360E-06 0.1784797E-06 0.1807351E-06 0.1826602E-06 0.1843520E-06 0.1858625E-06 0.1872302E-06 0.1884909E-06 0.1896506E-06 0.1907290E-06
 0.7021894E+05 0.1568173E-06 0.1662742E-06 0.1712893E-06 0.1747682E-06 0.1774575E-06 0.1796675E-06 0.1815528E-06 0.1832095E-06 0.1846885E-06 0.1860270E-06 0.1872607E-06 0.1883953E-06 0.1894501E-06
 0.6580935E+05 0.1562180E-06 0.1655129E-06 0.1704365E-06 0.1738495E-06 0.1764867E-06 0.1786531E-06 0.1805006E-06 0.1821236E-06 0.1835721E-06 0.1848826E-06 0.1860904E-06 0.1872009E-06 0.1882333E-06
 0.6167667E+05 0.1556537E-06 0.1647927E-06 0.1696280E-06 0.1729782E-06 0.1755655E-06 0.1776900E-06 0.1795012E-06 0.1810920E-06 0.1825111E-06 0.1837953E-06 0.1849783E-06 0.1860659E-06 0.1870767E-06
 0.5780352E+05 0.1551231E-06 0.1641122E-06 0.1688631E-06 0.1721527E-06 0.1746920E-06 0.1767762E-06 0.1785530E-06 0.1801128E-06 0.1815041E-06 0.1827627E-06 0.1839221E-06 0.1849877E-06 0.1859779E-06
 0.5417359E+05 0.1546255E-06 0.1634700E-06 0.1681400E-06 0.1713713E-06 0.1738646E-06 0.1759106E-06 0.1776538E-06 0.1791840E-06 0.1805488E-06 0.1817830E-06 0.1829197E-06 0.1839643E-06 0.1849348E-06
 0.5077161E+05 0.1541597E-06 0.1628657E-06 0.1674577E-06 0.1706331E-06 0.1730823E-06 0.1750914E-06 0.1768026E-06 0.1783044E-06 0.1796436E-06 0.1808542E-06 0.1819690E-06 0.1829935E-06 0.1839451E-06
 0.4758327E+05 0.1537254E-06 0.1622978E-06 0.1668146E-06 0.1699366E-06 0.1723434E-06 0.1743171E-06 0.1759977E-06 0.1774722E-06 0.1787866E-06 0.1799750E-06 0.1810690E-06 0.1820741E-06 0.1830077E-06
 0.4459515E+05 0.1533218E-06 0.1617655E-06 0.1662103E-06 0.1692807E-06 0.1716467E-06 0.1735861E-06 0.1752375E-06 0.1766859E-06 0.1779767E-06 0.1791436E-06 0.1802176E-06 0.1812042E-06 0.1821204E-06
 0.4179467E+05 0.1529480E-06 0.1612677E-06 0.1656432E-06 0.1686638E-06 0.1709907E-06 0.1728977E-06 0.1745206E-06 0.1759439E-06 0.1772123E-06 0.1783585E-06 0.1794133E-06 0.1803821E-06 0.1812817E-06
 0.3917006E+05 0.1526033E-06 0.1608038E-06 0.1651127E-06 0.1680855E-06 0.1703748E-06 0.1722503E-06 0.1738461E-06 0.1752453E-06 0.1764920E-06 0.1776180E-06 0.1786545E-06 0.1796062E-06 0.1804899E-06
 0.3671027E+05 0.1522875E-06 0.1603730E-06 0.1646173E-06 0.1675446E-06 0.1697976E-06 0.1716430E-06 0.1732127E-06 0.1745887E-06 0.1758142E-06 0.1769215E-06 0.1779402E-06 0.1788756E-06 0.1797439E-06
 0.3440495E+05 0.1519997E-06 0.1599744E-06 0.1641569E-06 0.1670400E-06 0.1692582E-06 0.1710742E-06 0.1726191E-06 0.1739729E-06 0.1751783E-06 0.1762673E-06 0.1772690E-06 0.1781887E-06 0.1790423E-06
 0.3224440E+05 0.1517395E-06 0.1596072E-06 0.1637303E-06 0.1665706E-06 0.1687553E-06 0.1705437E-06 0.1720642E-06 0.1733965E-06 0.1745829E-06 0.1756543E-06 0.1766397E-06 0.1775443E-06 0.1783838E-06
 0.3021952E+05 0.1515062E-06 0.1592711E-06 0.1633367E-06 0.1661361E-06 0.1682886E-06 0.1700501E-06 0.1715474E-06 0.1728591E-06 0.1740270E-06 0.1750812E-06 0.1760509E-06 0.1769409E-06 0.1777668E-06
 0.2832181E+05 0.1512996E-06 0.1589652E-06 0.1629753E-06 0.1657355E-06 0.1678570E-06 0.1695926E-06 0.1710675E-06 0.1723594E-06 0.1735092E-06 0.1745475E-06 0.1755021E-06 0.1763781E-06 0.1771910E-06
 0.2654326E+05 0.1511192E-06 0.1586890E-06 0.1626458E-06 0.1653680E-06 0.1674596E-06 0.1691700E-06 0.1706237E-06 0.1718966E-06 0.1730292E-06 0.1740518E-06 0.1749919E-06 0.1758545E-06 0.1766548E-06
 0.2487640E+05 0.1509645E-06 0.1584417E-06 0.1623473E-06 0.1650327E-06 0.1670955E-06 0.1687822E-06 0.1702150E-06 0.1714695E-06 0.1725859E-06 0.1735934E-06 0.1745195E-06 0.1753692E-06 0.1761574E-06
 0.2331422E+05 0.1508350E-06 0.1582232E-06 0.1620793E-06 0.1647295E-06 0.1667645E-06 0.1684281E-06 0.1698410E-06 0.1710778E-06 0.1721783E-06 0.1731711E-06 0.1740838E-06 0.1749210E-06 0.1756976E-06
 0.2185014E+05 0.1507306E-06 0.1580329E-06 0.1618410E-06 0.1644574E-06 0.1664658E-06 0.1681071E-06 0.1695008E-06 0.1707206E-06 0.1718055E-06 0.1727846E-06 0.1736844E-06 0.1745096E-06 0.1752751E-06
 0.2047800E+05 0.1506509E-06 0.1578703E-06 0.1616323E-06 0.1642160E-06 0.1661986E-06 0.1678182E-06 0.1691937E-06 0.1703971E-06 0.1714673E-06 0.1724329E-06 0.1733202E-06 0.1741340E-06 0.1748887E-06
 0.1919203E+05 0.1505956E-06 0.1577347E-06 0.1614525E-06 0.1640044E-06 0.1659622E-06 0.1675614E-06 0.1689188E-06 0.1701065E-06 0.1711627E-06 0.1721154E-06 0.1729907E-06 0.1737934E-06 0.1745377E-06
 0.1798682E+05 0.1505642E-06 0.1576262E-06 0.1613012E-06 0.1638227E-06 0.1657565E-06 0.1673359E-06 0.1686761E-06 0.1698485E-06 0.1708911E-06 0.1718311E-06 0.1726949E-06 0.1734869E-06 0.1742212E-06
 0.1685728E+05 0.1505568E-06 0.1575443E-06 0.1611778E-06 0.1636701E-06 0.1655809E-06 0.1671410E-06 0.1684647E-06 0.1696225E-06 0.1706517E-06 0.1715799E-06 0.1724325E-06 0.1732143E-06 0.1739390E-06
 0.1579869E+05 0.1505729E-06 0.1574886E-06 0.1610822E-06 0.1635462E-06 0.1654347E-06 0.1669762E-06 0.1682842E-06 0.1694278E-06 0.1704443E-06 0.1713610E-06 0.1722029E-06 0.1729747E-06 0.1736902E-06
 0.1480656E+05 0.1506125E-06 0.1574585E-06 0.1610139E-06 0.1634504E-06 0.1653175E-06 0.1668414E-06 0.1681338E-06 0.1692638E-06 0.1702683E-06 0.1711738E-06 0.1720054E-06 0.1727677E-06 0.1734742E-06
 0.1387675E+05 0.1506750E-06 0.1574543E-06 0.1609726E-06 0.1633828E-06 0.1652293E-06 0.1667359E-06 0.1680135E-06 0.1691304E-06 0.1701231E-06 0.1710177E-06 0.1718393E-06 0.1725924E-06 0.1732904E-06
 0.1300532E+05 0.1507607E-06 0.1574755E-06 0.1609579E-06 0.1633429E-06 0.1651694E-06 0.1666594E-06 0.1679227E-06 0.1690271E-06 0.1700081E-06 0.1708926E-06 0.1717046E-06 0.1724489E-06 0.1731386E-06
 0.1218861E+05 0.1508693E-06 0.1575218E-06 0.1609697E-06 0.1633302E-06 0.1651375E-06 0.1666114E-06 0.1678611E-06 0.1689533E-06 0.1699234E-06 0.1707979E-06 0.1716007E-06 0.1723364E-06 0.1730181E-06
 0.1142320E+05 0.1510006E-06 0.1575928E-06 0.1610076E-06 0.1633444E-06 0.1651331E-06 0.1665918E-06 0.1678281E-06 0.1689085E-06 0.1698683E-06 0.1707331E-06 0.1715271E-06 0.1722545E-06 0.1729285E-06
 0.1070584E+05 0.1511544E-06 0.1576888E-06 0.1610715E-06 0.1633855E-06 0.1651564E-06 0.1666003E-06 0.1678238E-06 0.1688928E-06 0.1698424E-06 0.1706978E-06 0.1714832E-06 0.1722027E-06 0.1728693E-06
 0.1003354E+05 0.1513308E-06 0.1578094E-06 0.1611610E-06 0.1634532E-06 0.1652069E-06 0.1666364E-06 0.1678476E-06 0.1689058E-06 0.1698454E-06 0.1706920E-06 0.1714691E-06 0.1721810E-06 0.1728405E-06
 0.9403458E+04 0.1515296E-06 0.1579543E-06 0.1612762E-06 0.1635473E-06 0.1652844E-06 0.1666999E-06 0.1678994E-06 0.1689470E-06 0.1698772E-06 0.1707152E-06 0.1714843E-06 0.1721888E-06 0.1728415E-06
 0.8812943E+04 0.1517508E-06 0.1581235E-06 0.1614167E-06 0.1636673E-06 0.1653884E-06 0.1667908E-06 0.1679787E-06 0.1690161E-06 0.1699374E-06 0.1707672E-06 0.1715286E-06 0.1722260E-06 0.1728720E-06
 0.8259510E+04 0.1519942E-06 0.1583170E-06 0.1615826E-06 0.1638135E-06 0.1655192E-06 0.1669088E-06 0.1680856E-06 0.1691133E-06 0.1700258E-06 0.1708474E-06 0.1716014E-06 0.1722920E-06 0.1729316E-06
 0.7740831E+04 0.1522600E-06 0.1585347E-06 0.1617734E-06 0.1639856E-06 0.1656764E-06 0.1670537E-06 0.1682199E-06 0.1692382E-06 0.1701420E-06 0.1709561E-06 0.1717030E-06 0.1723870E-06 0.1730205E-06
 0.7254725E+04 0.1525481E-06 0.1587764E-06 0.1619895E-06 0.1641834E-06 0.1658599E-06 0.1672251E-06 0.1683813E-06 0.1693905E-06 0.1702862E-06 0.1710929E-06 0.1718329E-06 0.1725106E-06 0.1731381E-06
 0.6799145E+04 0.1528585E-06 0.1590420E-06 0.1622305E-06 0.1644067E-06 0.1660695E-06 0.1674234E-06 0.1685695E-06 0.1695700E-06 0.1704581E-06 0.1712576E-06 0.1719910E-06 0.1726626E-06 0.1732844E-06
 0.6372174E+04 0.1531957E-06 0.1593318E-06 0.1624965E-06 0.1646558E-06 0.1663053E-06 0.1676482E-06 0.1687848E-06 0.1697770E-06 0.1706574E-06 0.1714499E-06 0.1721770E-06 0.1728426E-06 0.1734590E-06
 0.5972016E+04 0.1540128E-06 0.1596456E-06 0.1627872E-06 0.1649304E-06 0.1665672E-06 0.1678995E-06 0.1690270E-06 0.1700110E-06 0.1708840E-06 0.1716701E-06 0.1723910E-06 0.1730510E-06 0.1736621E-06
 0.5596987E+04 0.1559475E-06 0.1599839E-06 0.1631030E-06 0.1652306E-06 0.1668551E-06 0.1681770E-06 0.1692959E-06 0.1702721E-06 0.1711381E-06 0.1719178E-06 0.1726329E-06 0.1732874E-06 0.1738934E-06
 0.5245509E+04 0.1583291E-06 0.1605420E-06 0.1634440E-06 0.1655561E-06 0.1671687E-06 0.1684810E-06 0.1695913E-06 0.1705600E-06 0.1714195E-06 0.1721931E-06 0.1729024E-06 0.1735517E-06 0.1741528E-06
 0.4916103E+04 0.1609092E-06 0.1622069E-06 0.1639542E-06 0.1659108E-06 0.1675086E-06 0.1688114E-06 0.1699135E-06 0.1708751E-06 0.1717281E-06 0.1724956E-06 0.1731995E-06 0.1738438E-06 0.1744402E-06
 0.4607383E+04 0.1636271E-06 0.1645664E-06 0.1655468E-06 0.1666679E-06 0.1679381E-06 0.1691751E-06 0.1702630E-06 0.1712171E-06 0.1720638E-06 0.1728258E-06 0.1735244E-06 0.1741638E-06 0.1747557E-06
 0.4318049E+04 0.1664787E-06 0.1672518E-06 0.1679667E-06 0.1686626E-06 0.1693665E-06 0.1701007E-06 0.1708736E-06 0.1716712E-06 0.1724539E-06 0.1731913E-06 0.1738793E-06 0.1745123E-06 0.1750995E-06
 0.4046886E+04 0.1694957E-06 0.1702014E-06 0.1708267E-06 0.1714020E-06 0.1719428E-06 0.1724597E-06 0.1729590E-06 0.1734472E-06 0.1739263E-06 0.1743981E-06 0.1748679E-06 0.1753309E-06 0.1757881E-06
 0.3792751E+04 0.1727433E-06 0.1734533E-06 0.1740808E-06 0.1746556E-06 0.1751930E-06 0.1757031E-06 0.1761914E-06 0.1766635E-06 0.1771207E-06 0.1775648E-06 0.1780004E-06 0.1784241E-06 0.1788379E-06
 0.3554574E+04 0.1762661E-06 0.1770147E-06 0.1776762E-06 0.1782813E-06 0.1788459E-06 0.1793805E-06 0.1798909E-06 0.1803833E-06 0.1808596E-06 0.1813211E-06 0.1817731E-06 0.1822121E-06 0.1826406E-06
 0.3331355E+04 0.1799806E-06 0.1807559E-06 0.1814396E-06 0.1820640E-06 0.1826462E-06 0.1831974E-06 0.1837234E-06 0.1842311E-06 0.1847219E-06 0.1851976E-06 0.1856636E-06 0.1861161E-06 0.1865578E-06
 0.3122154E+04 0.1838090E-06 0.1846082E-06 0.1853126E-06 0.1859564E-06 0.1865565E-06 0.1871245E-06 0.1876670E-06 0.1881902E-06 0.1886962E-06 0.1891866E-06 0.1896671E-06 0.1901336E-06 0.1905891E-06
 0.2926090E+04 0.1877480E-06 0.1885717E-06 0.1892979E-06 0.1899615E-06 0.1905802E-06 0.1911659E-06 0.1917253E-06 0.1922647E-06 0.1927865E-06 0.1932922E-06 0.1937877E-06 0.1942688E-06 0.1947386E-06
 0.2742338E+04 0.1918014E-06 0.1926507E-06 0.1933994E-06 0.1940837E-06 0.1947217E-06 0.1953257E-06 0.1959025E-06 0.1964589E-06 0.1969971E-06 0.1975188E-06 0.1980298E-06 0.1985262E-06 0.1990108E-06
 0.2570125E+04 0.1959734E-06 0.1968492E-06 0.1976214E-06 0.1983272E-06 0.1989852E-06 0.1996083E-06 0.2002033E-06 0.2007773E-06 0.2013325E-06 0.2018708E-06 0.2023981E-06 0.2029102E-06 0.2034103E-06
 0.2408727E+04 0.2002684E-06 0.2011718E-06 0.2019684E-06 0.2026965E-06 0.2033754E-06 0.2040183E-06 0.2046323E-06 0.2052246E-06 0.2057975E-06 0.2063530E-06 0.2068972E-06 0.2074258E-06 0.2079420E-06
 0.2257465E+04 0.2046911E-06 0.2056232E-06 0.2064451E-06 0.2071964E-06 0.2078971E-06 0.2085605E-06 0.2091943E-06 0.2098056E-06 0.2103970E-06 0.2109704E-06 0.2115322E-06 0.2120779E-06 0.2126108E-06
 0.2115701E+04 0.2092462E-06 0.2102081E-06 0.2110564E-06 0.2118320E-06 0.2125552E-06 0.2132401E-06 0.2138944E-06 0.2145255E-06 0.2151361E-06 0.2157282E-06 0.2163083E-06 0.2168718E-06 0.2174221E-06
 0.1982840E+04 0.2139389E-06 0.2149318E-06 0.2158076E-06 0.2166083E-06 0.2173551E-06 0.2180623E-06 0.2187379E-06 0.2193896E-06 0.2200203E-06 0.2206318E-06 0.2212309E-06 0.2218130E-06 0.2223815E-06
 0.1858322E+04 0.2187743E-06 0.2197996E-06 0.2207040E-06 0.2215309E-06 0.2223021E-06 0.2230326E-06 0.2237304E-06 0.2244037E-06 0.2250551E-06 0.2256869E-06 0.2263059E-06 0.2269073E-06 0.2274947E-06
 0.1741624E+04 0.2237581E-06 0.2248171E-06 0.2257512E-06 0.2266054E-06 0.2274021E-06 0.2281568E-06 0.2288778E-06 0.2295734E-06 0.2302466E-06 0.2308994E-06 0.2315392E-06 0.2321607E-06 0.2327678E-06
 0.1632254E+04 0.2288960E-06 0.2299900E-06 0.2309552E-06 0.2318378E-06 0.2326611E-06 0.2334410E-06 0.2341861E-06 0.2349051E-06 0.2356010E-06 0.2362758E-06 0.2369371E-06 0.2375796E-06 0.2382073E-06
 0.1529752E+04 0.2341941E-06 0.2353246E-06 0.2363221E-06 0.2372344E-06 0.2380854E-06 0.2388916E-06 0.2396619E-06 0.2404052E-06 0.2411247E-06 0.2418224E-06 0.2425062E-06 0.2431707E-06 0.2438197E-06
 0.1433687E+04 0.2396587E-06 0.2408274E-06 0.2418585E-06 0.2428017E-06 0.2436816E-06 0.2445152E-06 0.2453118E-06 0.2460805E-06 0.2468245E-06 0.2475462E-06 0.2482535E-06 0.2489408E-06 0.2496122E-06
 0.1343654E+04 0.2452965E-06 0.2465049E-06 0.2475712E-06 0.2485466E-06 0.2494567E-06 0.2503189E-06 0.2511429E-06 0.2519381E-06 0.2527078E-06 0.2534544E-06 0.2541862E-06 0.2548973E-06 0.2555921E-06
 0.1259276E+04 0.2511146E-06 0.2523644E-06 0.2534674E-06 0.2544764E-06 0.2554179E-06 0.2563100E-06 0.2571625E-06 0.2579854E-06 0.2587819E-06 0.2595546E-06 0.2603120E-06 0.2610480E-06 0.2617672E-06
 0.1180196E+04 0.2571202E-06 0.2584133E-06 0.2595546E-06 0.2605987E-06 0.2615730E-06 0.2624962E-06 0.2633786E-06 0.2642304E-06 0.2650549E-06 0.2658547E-06 0.2666388E-06 0.2674009E-06 0.2681455E-06
 0.1106083E+04 0.2633211E-06 0.2646594E-06 0.2658406E-06 0.2669213E-06 0.2679299E-06 0.2688857E-06 0.2697993E-06 0.2706812E-06 0.2715350E-06 0.2723632E-06 0.2731753E-06 0.2739645E-06 0.2747357E-06
 0.1036623E+04 0.2697254E-06 0.2711108E-06 0.2723337E-06 0.2734527E-06 0.2744972E-06 0.2754869E-06 0.2764331E-06 0.2773465E-06 0.2782309E-06 0.2790889E-06 0.2799301E-06 0.2807478E-06 0.2815468E-06
 0.9715257E+03 0.2763416E-06 0.2777762E-06 0.2790427E-06 0.2802018E-06 0.2812836E-06 0.2823089E-06 0.2832892E-06 0.2842356E-06 0.2851519E-06 0.2860409E-06 0.2869127E-06 0.2877601E-06 0.2885882E-06
 0.9105161E+03 0.2831785E-06 0.2846646E-06 0.2859768E-06 0.2871776E-06 0.2882986E-06 0.2893611E-06 0.2903770E-06 0.2913578E-06 0.2923076E-06 0.2932291E-06 0.2941328E-06 0.2950113E-06 0.2958699E-06
 0.8533377E+03 0.2902458E-06 0.2917857E-06 0.2931455E-06 0.2943901E-06 0.2955520E-06 0.2966534E-06 0.2977066E-06 0.2987234E-06 0.2997082E-06 0.3006638E-06 0.3016008E-06 0.3025119E-06 0.3034023E-06
 0.7997501E+03 0.2975531E-06 0.2991493E-06 0.3005590E-06 0.3018494E-06 0.3030542E-06 0.3041963E-06 0.3052884E-06 0.3063430E-06 0.3073644E-06 0.3083556E-06 0.3093277E-06 0.3102728E-06 0.3111966E-06
 0.7495276E+03 0.3051110E-06 0.3067661E-06 0.3082280E-06 0.3095663E-06 0.3108160E-06 0.3120007E-06 0.3131337E-06 0.3142278E-06 0.3152875E-06 0.3163161E-06 0.3173248E-06 0.3183057E-06 0.3192644E-06
 0.7024589E+03 0.3129304E-06 0.3146472E-06 0.3161638E-06 0.3175523E-06 0.3188489E-06 0.3200782E-06 0.3212541E-06 0.3223896E-06 0.3234895E-06 0.3245572E-06 0.3256043E-06 0.3266226E-06 0.3276181E-06
 0.6583461E+03 0.3210229E-06 0.3228044E-06 0.3243782E-06 0.3258192E-06 0.3271651E-06 0.3284412E-06 0.3296619E-06 0.3308409E-06 0.3319830E-06 0.3330916E-06 0.3341790E-06 0.3352366E-06 0.3362705E-06
 0.6170035E+03 0.3294007E-06 0.3312499E-06 0.3328837E-06 0.3343799E-06 0.3357774E-06 0.3371026E-06 0.3383703E-06 0.3395948E-06 0.3407810E-06 0.3419327E-06 0.3430624E-06 0.3441611E-06 0.3452353E-06
 0.5782571E+03 0.3380766E-06 0.3399968E-06 0.3416936E-06 0.3432476E-06 0.3446992E-06 0.3460758E-06 0.3473929E-06 0.3486652E-06 0.3498978E-06 0.3510946E-06 0.3522686E-06 0.3534106E-06 0.3545272E-06
 0.5419438E+03 0.3470643E-06 0.3490590E-06 0.3508218E-06 0.3524364E-06 0.3539448E-06 0.3553755E-06 0.3567443E-06 0.3580667E-06 0.3593481E-06 0.3605922E-06 0.3618129E-06 0.3630003E-06 0.3641613E-06
 0.5079110E+03 0.3563780E-06 0.3584509E-06 0.3602829E-06 0.3619612E-06 0.3635293E-06 0.3650166E-06 0.3664399E-06 0.3678150E-06 0.3691475E-06 0.3704414E-06 0.3717110E-06 0.3729461E-06 0.3741539E-06
 0.4760153E+03 0.3660330E-06 0.3681878E-06 0.3700927E-06 0.3718378E-06 0.3734685E-06 0.3750155E-06 0.3764959E-06 0.3779263E-06 0.3793126E-06 0.3806588E-06 0.3819799E-06 0.3832651E-06 0.3845221E-06
 0.4461227E+03 0.3760451E-06 0.3782862E-06 0.3802675E-06 0.3820829E-06 0.3837794E-06 0.3853890E-06 0.3869295E-06 0.3884181E-06 0.3898609E-06 0.3912622E-06 0.3926373E-06 0.3939753E-06 0.3952840E-06
 0.4181072E+03 0.3864314E-06 0.3887631E-06 0.3908247E-06 0.3927140E-06 0.3944798E-06 0.3961552E-06 0.3977589E-06 0.3993088E-06 0.4008110E-06 0.4022701E-06 0.4037023E-06 0.4050958E-06 0.4064588E-06
 0.3918510E+03 0.3972097E-06 0.3996367E-06 0.4017828E-06 0.4037498E-06 0.4055884E-06 0.4073332E-06 0.4090033E-06 0.4106177E-06 0.4121825E-06 0.4137026E-06 0.4151947E-06 0.4166467E-06 0.4180671E-06
 0.3672436E+03 0.4083991E-06 0.4109263E-06 0.4131614E-06 0.4152102E-06 0.4171255E-06 0.4189432E-06 0.4206834E-06 0.4223655E-06 0.4239964E-06 0.4255806E-06 0.4271359E-06 0.4286495E-06 0.4301302E-06
 0.3441816E+03 0.4200196E-06 0.4226523E-06 0.4249811E-06 0.4271160E-06 0.4291121E-06 0.4310066E-06 0.4328206E-06 0.4345743E-06 0.4362746E-06 0.4379265E-06 0.4395484E-06 0.4411269E-06 0.4426714E-06
 0.3225677E+03 0.4320926E-06 0.4348365E-06 0.4372639E-06 0.4394896E-06 0.4415707E-06 0.4435463E-06 0.4454381E-06 0.4472671E-06 0.4490407E-06 0.4507640E-06 0.4524561E-06 0.4541031E-06 0.4557148E-06
 0.3023112E+03 0.4446407E-06 0.4475017E-06 0.4500332E-06 0.4523545E-06 0.4545254E-06 0.4565864E-06 0.4585602E-06 0.4604688E-06 0.4623197E-06 0.4641184E-06 0.4658845E-06 0.4676039E-06 0.4692865E-06
 0.2833268E+03 0.4576879E-06 0.4606724E-06 0.4633136E-06 0.4657359E-06 0.4680014E-06 0.4701526E-06 0.4722130E-06 0.4742056E-06 0.4761381E-06 0.4780163E-06 0.4798607E-06 0.4816565E-06 0.4834140E-06
 0.2655345E+03 0.4712597E-06 0.4743745E-06 0.4771315E-06 0.4796603E-06 0.4820259E-06 0.4842723E-06 0.4864242E-06 0.4885054E-06 0.4905242E-06 0.4924864E-06 0.4944136E-06 0.4962901E-06 0.4981268E-06
 0.2488595E+03 0.4853832E-06 0.4886356E-06 0.4915149E-06 0.4941563E-06 0.4966275E-06 0.4989745E-06 0.5012230E-06 0.5033980E-06 0.5055080E-06 0.5075590E-06 0.5095737E-06 0.5115356E-06 0.5134561E-06
 0.2332317E+03 0.5000873E-06 0.5034851E-06 0.5064936E-06 0.5092540E-06 0.5118368E-06 0.5142902E-06 0.5166409E-06 0.5189151E-06 0.5211215E-06 0.5232665E-06 0.5253738E-06 0.5274261E-06 0.5294352E-06
 0.2185853E+03 0.5154027E-06 0.5189542E-06 0.5220993E-06 0.5249855E-06 0.5276865E-06 0.5302525E-06 0.5327114E-06 0.5350905E-06 0.5373990E-06 0.5396435E-06 0.5418488E-06 0.5439968E-06 0.5460999E-06
 0.2048586E+03 0.5313622E-06 0.5350762E-06 0.5383659E-06 0.5413853E-06 0.5442113E-06 0.5468965E-06 0.5494699E-06 0.5519602E-06 0.5543768E-06 0.5567268E-06 0.5590360E-06 0.5612854E-06 0.5634881E-06
 0.1919940E+03 0.5480005E-06 0.5518867E-06 0.5553295E-06 0.5584899E-06 0.5614484E-06 0.5642598E-06 0.5669546E-06 0.5695627E-06 0.5720940E-06 0.5745558E-06 0.5769751E-06 0.5793322E-06 0.5816405E-06
 0.1799372E+03 0.5653549E-06 0.5694235E-06 0.5730285E-06 0.5763384E-06 0.5794373E-06 0.5823826E-06 0.5852062E-06 0.5879392E-06 0.5905922E-06 0.5931726E-06 0.5957088E-06 0.5981801E-06 0.6006005E-06
 0.1686375E+03 0.5834652E-06 0.5877271E-06 0.5915042E-06 0.5949726E-06 0.5982205E-06 0.6013079E-06 0.6042681E-06 0.6071338E-06 0.6099159E-06 0.6126223E-06 0.6152827E-06 0.6178752E-06 0.6204148E-06
 0.1580475E+03 0.6023739E-06 0.6068409E-06 0.6108005E-06 0.6144373E-06 0.6178433E-06 0.6210816E-06 0.6241869E-06 0.6271935E-06 0.6301128E-06 0.6329531E-06 0.6357455E-06 0.6384670E-06 0.6411333E-06
 0.1481225E+03 0.6221264E-06 0.6268111E-06 0.6309646E-06 0.6347802E-06 0.6383543E-06 0.6417529E-06 0.6450124E-06 0.6481689E-06 0.6512341E-06 0.6542169E-06 0.6571496E-06 0.6600084E-06 0.6628094E-06
 0.1388207E+03 0.6427713E-06 0.6476874E-06 0.6520470E-06 0.6560526E-06 0.6598055E-06 0.6633746E-06 0.6667982E-06 0.6701141E-06 0.6733347E-06 0.6764690E-06 0.6795512E-06 0.6825561E-06 0.6855008E-06
 0.1301031E+03 0.6643609E-06 0.6695230E-06 0.6741018E-06 0.6783096E-06 0.6822527E-06 0.6860033E-06 0.6896017E-06 0.6930874E-06 0.6964734E-06 0.6997692E-06 0.7030107E-06 0.7061714E-06 0.7092691E-06
 0.1219329E+03 0.6869509E-06 0.6923749E-06 0.6971870E-06 0.7016102E-06 0.7057559E-06 0.7096999E-06 0.7134845E-06 0.7171512E-06 0.7207136E-06 0.7241816E-06 0.7275930E-06 0.7309198E-06 0.7341808E-06
 0.1142758E+03 0.7106014E-06 0.7163044E-06 0.7213651E-06 0.7260179E-06 0.7303795E-06 0.7345298E-06 0.7385130E-06 0.7423728E-06 0.7461234E-06 0.7497752E-06 0.7533680E-06 0.7568722E-06 0.7603077E-06
 0.1070995E+03 0.7353770E-06 0.7413773E-06 0.7467032E-06 0.7516008E-06 0.7561929E-06 0.7605634E-06 0.7647586E-06 0.7688246E-06 0.7727762E-06 0.7766244E-06 0.7804110E-06 0.7841048E-06 0.7877267E-06
 0.1003739E+03 0.7613469E-06 0.7676645E-06 0.7732735E-06 0.7784326E-06 0.7832708E-06 0.7878765E-06 0.7922983E-06 0.7965847E-06 0.8007512E-06 0.8048094E-06 0.8088033E-06 0.8127000E-06 0.8165214E-06
 0.9407068E+02 0.7885859E-06 0.7952424E-06 0.8011539E-06 0.8065924E-06 0.8116938E-06 0.8165509E-06 0.8212152E-06 0.8257373E-06 0.8301339E-06 0.8344169E-06 0.8386327E-06 0.8427466E-06 0.8467818E-06
 0.8816325E+02 0.8171745E-06 0.8241934E-06 0.8304282E-06 0.8361657E-06 0.8415487E-06 0.8466751E-06 0.8515989E-06 0.8563735E-06 0.8610165E-06 0.8655404E-06 0.8699941E-06 0.8743410E-06 0.8786053E-06
 0.8262680E+02 0.8471996E-06 0.8546062E-06 0.8611873E-06 0.8672449E-06 0.8729297E-06 0.8783445E-06 0.8835464E-06 0.8885919E-06 0.8934991E-06 0.8982813E-06 0.9029903E-06 0.9075871E-06 0.9120975E-06
 0.7743803E+02 0.8787550E-06 0.8865770E-06 0.8935292E-06 0.8999300E-06 0.9059382E-06 0.9116625E-06 0.9171629E-06 0.9224990E-06 0.9276899E-06 0.9327496E-06 0.9377328E-06 0.9425982E-06 0.9473729E-06
 0.7257509E+02 0.9119423E-06 0.9202097E-06 0.9275600E-06 0.9343291E-06 0.9406846E-06 0.9467412E-06 0.9525622E-06 0.9582105E-06 0.9637064E-06 0.9690644E-06 0.9743424E-06 0.9794967E-06 0.9845560E-06
 0.6801754E+02 0.9468713E-06 0.9556169E-06 0.9633947E-06 0.9705595E-06 0.9772883E-06 0.9837022E-06 0.9898680E-06 0.9958522E-06 0.1001676E-05 0.1007355E-05 0.1012951E-05 0.1018416E-05 0.1023782E-05
 0.6374620E+02 0.9836613E-06 0.9929208E-06 0.1001158E-05 0.1008749E-05 0.1015879E-05 0.1022678E-05 0.1029215E-05 0.1035561E-05 0.1041738E-05 0.1047763E-05 0.1053701E-05 0.1059502E-05 0.1065198E-05
 0.5974308E+02 0.1022442E-05 0.1032254E-05 0.1040986E-05 0.1049035E-05 0.1056598E-05 0.1063811E-05 0.1070748E-05 0.1077484E-05 0.1084043E-05 0.1090442E-05 0.1096749E-05 0.1102912E-05 0.1108965E-05
 0.5599135E+02 0.1063353E-05 0.1073761E-05 0.1083027E-05 0.1091570E-05 0.1099599E-05 0.1107259E-05 0.1114629E-05 0.1121786E-05 0.1128757E-05 0.1135559E-05 0.1142265E-05 0.1148820E-05 0.1155259E-05
 0.5247522E+02 0.1106549E-05 0.1117599E-05 0.1127440E-05 0.1136517E-05 0.1145050E-05 0.1153193E-05 0.1161030E-05 0.1168642E-05 0.1176059E-05 0.1183297E-05 0.1190435E-05 0.1197414E-05 0.1204272E-05
 0.4917990E+02 0.1152195E-05 0.1163940E-05 0.1174402E-05 0.1184056E-05 0.1193134E-05 0.1201800E-05 0.1210142E-05 0.1218248E-05 0.1226146E-05 0.1233858E-05 0.1241464E-05 0.1248903E-05 0.1256214E-05
 0.4609151E+02 0.1200475E-05 0.1212970E-05 0.1224105E-05 0.1234383E-05 0.1244052E-05 0.1253284E-05 0.1262173E-05 0.1270814E-05 0.1279236E-05 0.1287460E-05 0.1295575E-05 0.1303513E-05 0.1311316E-05
 0.4319707E+02 0.1251587E-05 0.1264895E-05 0.1276759E-05 0.1287714E-05 0.1298023E-05 0.1307869E-05 0.1317353E-05 0.1326574E-05 0.1335565E-05 0.1344347E-05 0.1353015E-05 0.1361495E-05 0.1369834E-05
 0.4048439E+02 0.1305751E-05 0.1319939E-05 0.1332595E-05 0.1344284E-05 0.1355289E-05 0.1365803E-05 0.1375933E-05 0.1385785E-05 0.1395394E-05 0.1404783E-05 0.1414053E-05 0.1423124E-05 0.1432048E-05
 0.3794206E+02 0.1363204E-05 0.1378350E-05 0.1391865E-05 0.1404353E-05 0.1416114E-05 0.1427355E-05 0.1438189E-05 0.1448729E-05 0.1459012E-05 0.1469063E-05 0.1478989E-05 0.1488705E-05 0.1498266E-05
 0.3555939E+02 0.1424211E-05 0.1440398E-05 0.1454849E-05 0.1468207E-05 0.1480792E-05 0.1492825E-05 0.1504426E-05 0.1515717E-05 0.1526736E-05 0.1537510E-05 0.1548152E-05 0.1558574E-05 0.1568832E-05
 0.3332634E+02 0.1489061E-05 0.1506383E-05 0.1521854E-05 0.1536161E-05 0.1549646E-05 0.1562543E-05 0.1574983E-05 0.1587095E-05 0.1598918E-05 0.1610483E-05 0.1621910E-05 0.1633104E-05 0.1644125E-05
 0.3123352E+02 0.1558074E-05 0.1576634E-05 0.1593219E-05 0.1608563E-05 0.1623031E-05 0.1636876E-05 0.1650233E-05 0.1663243E-05 0.1675948E-05 0.1688379E-05 0.1700668E-05 0.1712709E-05 0.1724568E-05
 0.2927213E+02 0.1631603E-05 0.1651516E-05 0.1669320E-05 0.1685800E-05 0.1701346E-05 0.1716227E-05 0.1730591E-05 0.1744587E-05 0.1758260E-05 0.1771643E-05 0.1784877E-05 0.1797850E-05 0.1810631E-05
 0.2743390E+02 0.1710039E-05 0.1731435E-05 0.1750575E-05 0.1768300E-05 0.1785028E-05 0.1801049E-05 0.1816519E-05 0.1831598E-05 0.1846336E-05 0.1860767E-05 0.1875042E-05 0.1889041E-05 0.1902838E-05
 0.2571112E+02 0.1793817E-05 0.1816840E-05 0.1837446E-05 0.1856540E-05 0.1874569E-05 0.1891843E-05 0.1908531E-05 0.1924805E-05 0.1940716E-05 0.1956302E-05 0.1971727E-05 0.1986859E-05 0.2001778E-05
 0.2409652E+02 0.1883419E-05 0.1908231E-05 0.1930452E-05 0.1951053E-05 0.1970516E-05 0.1989172E-05 0.2007203E-05 0.2024795E-05 0.2042003E-05 0.2058867E-05 0.2075563E-05 0.2091949E-05 0.2108111E-05
 0.2258331E+02 0.1979384E-05 0.2006167E-05 0.2030169E-05 0.2052434E-05 0.2073479E-05 0.2093663E-05 0.2113181E-05 0.2132232E-05 0.2150876E-05 0.2169155E-05 0.2187260E-05 0.2205037E-05 0.2222580E-05
 0.2116513E+02 0.2082314E-05 0.2111274E-05 0.2137245E-05 0.2161350E-05 0.2184148E-05 0.2206024E-05 0.2227190E-05 0.2247860E-05 0.2268097E-05 0.2287949E-05 0.2307621E-05 0.2326945E-05 0.2346023E-05
 0.1983601E+02 0.2192884E-05 0.2224254E-05 0.2252406E-05 0.2278552E-05 0.2303295E-05 0.2327051E-05 0.2350048E-05 0.2372518E-05 0.2394530E-05 0.2416132E-05 0.2437550E-05 0.2458600E-05 0.2479392E-05
 0.1859035E+02 0.2311853E-05 0.2345897E-05 0.2376470E-05 0.2404885E-05 0.2431792E-05 0.2457642E-05 0.2482679E-05 0.2507157E-05 0.2531149E-05 0.2554707E-05 0.2578078E-05 0.2601058E-05 0.2623768E-05
 0.1742292E+02 0.2440075E-05 0.2477093E-05 0.2510364E-05 0.2541307E-05 0.2570629E-05 0.2598816E-05 0.2626134E-05 0.2652858E-05 0.2679066E-05 0.2704815E-05 0.2730374E-05 0.2755519E-05 0.2780383E-05
 0.1632880E+02 0.2578517E-05 0.2618852E-05 0.2655135E-05 0.2688905E-05 0.2720928E-05 0.2751732E-05 0.2781607E-05 0.2810850E-05 0.2839547E-05 0.2867758E-05 0.2895777E-05 0.2923360E-05 0.2950649E-05
 0.1530339E+02 0.2728274E-05 0.2772321E-05 0.2811976E-05 0.2848916E-05 0.2883970E-05 0.2917715E-05 0.2950464E-05 0.2982542E-05 0.3014042E-05 0.3045029E-05 0.3075824E-05 0.3106159E-05 0.3136190E-05
 0.1434237E+02 0.2890595E-05 0.2938805E-05 0.2982249E-05 0.3022753E-05 0.3061220E-05 0.3098279E-05 0.3134271E-05 0.3169551E-05 0.3204219E-05 0.3238346E-05 0.3272285E-05 0.3305740E-05 0.3338881E-05
 0.1344170E+02 0.3066904E-05 0.3119799E-05 0.3167514E-05 0.3212039E-05 0.3254362E-05 0.3295169E-05 0.3334832E-05 0.3373740E-05 0.3412003E-05 0.3449697E-05 0.3487209E-05 0.3524213E-05 0.3560897E-05
 0.1259759E+02 0.3258834E-05 0.3317021E-05 0.3369565E-05 0.3418645E-05 0.3465339E-05 0.3510401E-05 0.3554236E-05 0.3597272E-05 0.3639629E-05 0.3681388E-05 0.3722980E-05 0.3764039E-05 0.3804774E-05
 0.1180649E+02 0.3468266E-05 0.3532451E-05 0.3590477E-05 0.3644733E-05 0.3696404E-05 0.3746313E-05 0.3794909E-05 0.3842661E-05 0.3889699E-05 0.3936114E-05 0.3982381E-05 0.4028094E-05 0.4073483E-05
 0.1106507E+02 0.3697375E-05 0.3768384E-05 0.3832656E-05 0.3892821E-05 0.3950178E-05 0.4005636E-05 0.4059686E-05 0.4112849E-05 0.4165266E-05 0.4217035E-05 0.4268687E-05 0.4319766E-05 0.4370529E-05
 0.1037021E+02 0.3948687E-05 0.4027490E-05 0.4098911E-05 0.4165847E-05 0.4229732E-05 0.4291569E-05 0.4351899E-05 0.4411299E-05 0.4469925E-05 0.4527884E-05 0.4585769E-05 0.4643067E-05 0.4700064E-05
 0.9718986E+01 0.4225150E-05 0.4312897E-05 0.4392535E-05 0.4467269E-05 0.4538683E-05 0.4607888E-05 0.4675484E-05 0.4742111E-05 0.4807941E-05 0.0000000E+00 0.0000000E+00 0.0000000E+00 0.0000000E+00
 0.9108655E+01 0.4530226E-05 0.4628281E-05 0.4717410E-05 0.4801168E-05 0.4881310E-05 0.4959072E-05 0.0000000E+00 0.0000000E+00 0.0000000E+00 0.0000000E+00 0.0000000E+00 0.0000000E+00 0.0000000E+00
 0.8536653E+01 0.4867998E-05 0.4977996E-05 0.5078146E-05 0.0000000E+00 0.0000000E+00 0.0000000E+00 0.0000000E+00 0.0000000E+00 0.0000000E+00 0.0000000E+00 0.0000000E+00 0.0000000E+00 0.0000000E+00
 0.8000570E+01 0.5243318E-05 0.0000000E+00 0.0000000E+00 0.0000000E+00 0.0000000E+00 0.0000000E+00 0.0000000E+00 0.0000000E+00 0.0000000E+00 0.0000000E+00 0.0000000E+00 0.0000000E+00 0.0000000E+00