 k(Mpc^-1)     CL=0.4515     CL=0.5763     CL=0.6827     CL=0.7699     CL=0.8385     CL=0.8904     CL=0.9281     CL=0.9545     CL=0.9722     CL=0.9836     CL=0.9907     CL=0.9949     CL=0.9973
 0.3111083E+08 0.1728068E-06 0.1732769E-06 0.1737408E-06 0.1741989E-06 0.1746509E-06 0.1750972E-06 0.1755376E-06 0.1759739E-06 0.1764046E-06 0.1768297E-06 0.1772523E-06 0.1776678E-06 0.1780778E-06
 0.2870652E+08 0.1741986E-06 0.1746726E-06 0.1751402E-06 0.1756020E-06 0.1760576E-06 0.1765075E-06 0.1769515E-06 0.1773912E-06 0.1778254E-06 0.1782539E-06 0.1786799E-06 0.1790988E-06 0.1795121E-06
 0.2648801E+08 0.1756074E-06 0.1760851E-06 0.1765565E-06 0.1770221E-06 0.1774813E-06 0.1779349E-06 0.1783825E-06 0.1788258E-06 0.1792635E-06 0.1796954E-06 0.1801249E-06 0.1805472E-06 0.1809638E-06
 0.2444096E+08 0.1770333E-06 0.1775149E-06 0.1779901E-06 0.1784594E-06 0.1789224E-06 0.1793797E-06 0.1798309E-06 0.1802778E-06 0.1807190E-06 0.1811545E-06 0.1815875E-06 0.1820132E-06 0.1824332E-06
 0.2255211E+08 0.1784766E-06 0.1789621E-06 0.1794413E-06 0.1799144E-06 0.1803812E-06 0.1808421E-06 0.1812970E-06 0.1817476E-06 0.1821924E-06 0.1826315E-06 0.1830679E-06 0.1834971E-06 0.1839205E-06
 0.2080923E+08 0.1799377E-06 0.1804272E-06 0.1809102E-06 0.1813872E-06 0.1818578E-06 0.1823226E-06 0.1827812E-06 0.1832354E-06 0.1836839E-06 0.1841265E-06 0.1845666E-06 0.1849993E-06 0.1854261E-06
 0.1920105E+08 0.1814167E-06 0.1819103E-06 0.1823973E-06 0.1828782E-06 0.1833527E-06 0.1838212E-06 0.1842836E-06 0.1847416E-06 0.1851938E-06 0.1856400E-06 0.1860837E-06 0.1865199E-06 0.1869503E-06
 0.1771715E+08 0.1829141E-06 0.1834117E-06 0.1839028E-06 0.1843877E-06 0.1848660E-06 0.1853385E-06 0.1858047E-06 0.1862664E-06 0.1867223E-06 0.1871723E-06 0.1876196E-06 0.1880595E-06 0.1884934E-06
 0.1634793E+08 0.1844301E-06 0.1849319E-06 0.1854270E-06 0.1859159E-06 0.1863982E-06 0.1868746E-06 0.1873446E-06 0.1878102E-06 0.1882699E-06 0.1887235E-06 0.1891746E-06 0.1896181E-06 0.1900556E-06
 0.1508452E+08 0.1859650E-06 0.1864710E-06 0.1869702E-06 0.1874632E-06 0.1879495E-06 0.1884298E-06 0.1889038E-06 0.1893732E-06 0.1898368E-06 0.1902942E-06 0.1907490E-06 0.1911962E-06 0.1916374E-06
 0.1391876E+08 0.1875192E-06 0.1880294E-06 0.1885328E-06 0.1890299E-06 0.1895203E-06 0.1900046E-06 0.1904825E-06 0.1909559E-06 0.1914233E-06 0.1918846E-06 0.1923432E-06 0.1927941E-06 0.1932389E-06
 0.1284309E+08 0.1890930E-06 0.1896074E-06 0.1901150E-06 0.1906163E-06 0.1911108E-06 0.1915992E-06 0.1920812E-06 0.1925585E-06 0.1930298E-06 0.1934949E-06 0.1939574E-06 0.1944121E-06 0.1948607E-06
 0.1185054E+08 0.1906866E-06 0.1912054E-06 0.1917173E-06 0.1922228E-06 0.1927215E-06 0.1932140E-06 0.1937000E-06 0.1941813E-06 0.1946566E-06 0.1951257E-06 0.1955920E-06 0.1960506E-06 0.1965029E-06
 0.1093471E+08 0.1923005E-06 0.1928236E-06 0.1933399E-06 0.1938496E-06 0.1943525E-06 0.1948492E-06 0.1953393E-06 0.1958248E-06 0.1963041E-06 0.1967771E-06 0.1972474E-06 0.1977098E-06 0.1981660E-06
 0.1008965E+08 0.1939349E-06 0.1944625E-06 0.1949832E-06 0.1954972E-06 0.1960044E-06 0.1965053E-06 0.1969996E-06 0.1974892E-06 0.1979726E-06 0.1984496E-06 0.1989239E-06 0.1993902E-06 0.1998503E-06
 0.9309899E+07 0.1955903E-06 0.1961224E-06 0.1966475E-06 0.1971659E-06 0.1976775E-06 0.1981826E-06 0.1986812E-06 0.1991749E-06 0.1996624E-06 0.2001435E-06 0.2006218E-06 0.2010922E-06 0.2015562E-06
 0.8590409E+07 0.1972670E-06 0.1978036E-06 0.1983332E-06 0.1988561E-06 0.1993720E-06 0.1998815E-06 0.2003843E-06 0.2008823E-06 0.2013740E-06 0.2018592E-06 0.2023416E-06 0.2028160E-06 0.2032840E-06
 0.7926523E+07 0.1989653E-06 0.1995066E-06 0.2000407E-06 0.2005681E-06 0.2010885E-06 0.2016024E-06 0.2021095E-06 0.2026117E-06 0.2031076E-06 0.2035970E-06 0.2040836E-06 0.2045621E-06 0.2050341E-06
 0.7313944E+07 0.2006856E-06 0.2012316E-06 0.2017704E-06 0.2023023E-06 0.2028272E-06 0.2033455E-06 0.2038570E-06 0.2043636E-06 0.2048638E-06 0.2053574E-06 0.2058482E-06 0.2063308E-06 0.2068069E-06
 0.6748706E+07 0.2024284E-06 0.2029791E-06 0.2035225E-06 0.2040591E-06 0.2045885E-06 0.2051114E-06 0.2056273E-06 0.2061383E-06 0.2066428E-06 0.2071408E-06 0.2076358E-06 0.2081226E-06 0.2086028E-06
 0.6227151E+07 0.2041940E-06 0.2047495E-06 0.2052976E-06 0.2058389E-06 0.2063729E-06 0.2069003E-06 0.2074208E-06 0.2079362E-06 0.2084451E-06 0.2089474E-06 0.2094468E-06 0.2099378E-06 0.2104222E-06
 0.5745903E+07 0.2059827E-06 0.2065431E-06 0.2070961E-06 0.2076421E-06 0.2081808E-06 0.2087128E-06 0.2092378E-06 0.2097577E-06 0.2102711E-06 0.2107778E-06 0.2112816E-06 0.2117769E-06 0.2122655E-06
 0.5301847E+07 0.2077951E-06 0.2083604E-06 0.2089182E-06 0.2094691E-06 0.2100125E-06 0.2105492E-06 0.2110788E-06 0.2116033E-06 0.2121213E-06 0.2126324E-06 0.2131406E-06 0.2136402E-06 0.2141332E-06
 0.4892109E+07 0.2096315E-06 0.2102018E-06 0.2107646E-06 0.2113202E-06 0.2118685E-06 0.2124099E-06 0.2129442E-06 0.2134734E-06 0.2139959E-06 0.2145115E-06 0.2150242E-06 0.2155283E-06 0.2160256E-06
 0.4514036E+07 0.2114924E-06 0.2120677E-06 0.2126355E-06 0.2131961E-06 0.2137492E-06 0.2142954E-06 0.2148345E-06 0.2153683E-06 0.2158955E-06 0.2164157E-06 0.2169329E-06 0.2174415E-06 0.2179432E-06
 0.4165181E+07 0.2133781E-06 0.2139586E-06 0.2145314E-06 0.2150970E-06 0.2156551E-06 0.2162062E-06 0.2167500E-06 0.2172886E-06 0.2178205E-06 0.2183453E-06 0.2188672E-06 0.2193803E-06 0.2198865E-06
 0.3843287E+07 0.2152892E-06 0.2158749E-06 0.2164528E-06 0.2170235E-06 0.2175866E-06 0.2181426E-06 0.2186913E-06 0.2192347E-06 0.2197713E-06 0.2203009E-06 0.2208274E-06 0.2213451E-06 0.2218558E-06
 0.3546269E+07 0.2172261E-06 0.2178170E-06 0.2184002E-06 0.2189760E-06 0.2195441E-06 0.2201051E-06 0.2206588E-06 0.2212071E-06 0.2217485E-06 0.2222829E-06 0.2228141E-06 0.2233365E-06 0.2238518E-06
 0.3272205E+07 0.2191892E-06 0.2197855E-06 0.2203739E-06 0.2209549E-06 0.2215282E-06 0.2220943E-06 0.2226529E-06 0.2232062E-06 0.2237525E-06 0.2242917E-06 0.2248277E-06 0.2253548E-06 0.2258748E-06
 0.3019322E+07 0.2211791E-06 0.2217808E-06 0.2223745E-06 0.2229608E-06 0.2235393E-06 0.2241105E-06 0.2246742E-06 0.2252326E-06 0.2257838E-06 0.2263279E-06 0.2268688E-06 0.2274006E-06 0.2279253E-06
 0.2785982E+07 0.2231962E-06 0.2238034E-06 0.2244025E-06 0.2249942E-06 0.2255779E-06 0.2261543E-06 0.2267232E-06 0.2272866E-06 0.2278429E-06 0.2283919E-06 0.2289378E-06 0.2294745E-06 0.2300039E-06
 0.2570675E+07 0.2252410E-06 0.2258537E-06 0.2264584E-06 0.2270554E-06 0.2276445E-06 0.2282263E-06 0.2288003E-06 0.2293689E-06 0.2299303E-06 0.2304843E-06 0.2310352E-06 0.2315768E-06 0.2321111E-06
 0.2372008E+07 0.2273140E-06 0.2279324E-06 0.2285426E-06 0.2291452E-06 0.2297397E-06 0.2303268E-06 0.2309061E-06 0.2314799E-06 0.2320465E-06 0.2326056E-06 0.2331615E-06 0.2337081E-06 0.2342474E-06
 0.2188694E+07 0.2294158E-06 0.2300399E-06 0.2306558E-06 0.2312639E-06 0.2318639E-06 0.2324564E-06 0.2330411E-06 0.2336202E-06 0.2341920E-06 0.2347563E-06 0.2353174E-06 0.2358691E-06 0.2364133E-06
 0.2019547E+07 0.2315469E-06 0.2321768E-06 0.2327984E-06 0.2334122E-06 0.2340177E-06 0.2346158E-06 0.2352059E-06 0.2357904E-06 0.2363675E-06 0.2369370E-06 0.2375033E-06 0.2380601E-06 0.2386094E-06
 0.1863472E+07 0.2337078E-06 0.2343436E-06 0.2349710E-06 0.2355905E-06 0.2362017E-06 0.2368053E-06 0.2374010E-06 0.2379909E-06 0.2385734E-06 0.2391483E-06 0.2397198E-06 0.2402818E-06 0.2408362E-06
 0.1719458E+07 0.2358992E-06 0.2365409E-06 0.2371742E-06 0.2377995E-06 0.2384164E-06 0.2390257E-06 0.2396269E-06 0.2402224E-06 0.2408103E-06 0.2413906E-06 0.2419675E-06 0.2425347E-06 0.2430943E-06
 0.1586575E+07 0.2381214E-06 0.2387692E-06 0.2394085E-06 0.2400397E-06 0.2406624E-06 0.2412774E-06 0.2418843E-06 0.2424854E-06 0.2430789E-06 0.2436646E-06 0.2442469E-06 0.2448195E-06 0.2453844E-06
 0.1463961E+07 0.2403753E-06 0.2410292E-06 0.2416745E-06 0.2423117E-06 0.2429403E-06 0.2435611E-06 0.2441738E-06 0.2447805E-06 0.2453796E-06 0.2459709E-06 0.2465587E-06 0.2471368E-06 0.2477070E-06
 0.1350823E+07 0.2426613E-06 0.2433214E-06 0.2439728E-06 0.2446161E-06 0.2452507E-06 0.2458774E-06 0.2464959E-06 0.2471084E-06 0.2477132E-06 0.2483101E-06 0.2489035E-06 0.2494870E-06 0.2500627E-06
 0.1246428E+07 0.2449800E-06 0.2456465E-06 0.2463041E-06 0.2469535E-06 0.2475942E-06 0.2482269E-06 0.2488513E-06 0.2494696E-06 0.2500802E-06 0.2506828E-06 0.2512819E-06 0.2518710E-06 0.2524522E-06
 0.1150101E+07 0.2473322E-06 0.2480050E-06 0.2486690E-06 0.2493246E-06 0.2499714E-06 0.2506102E-06 0.2512406E-06 0.2518649E-06 0.2524814E-06 0.2530897E-06 0.2536946E-06 0.2542893E-06 0.2548761E-06
 0.1061219E+07 0.2497184E-06 0.2503977E-06 0.2510681E-06 0.2517300E-06 0.2523831E-06 0.2530280E-06 0.2536645E-06 0.2542948E-06 0.2549172E-06 0.2555315E-06 0.2561422E-06 0.2567426E-06 0.2573350E-06
 0.9792057E+06 0.2521393E-06 0.2528252E-06 0.2535021E-06 0.2541704E-06 0.2548298E-06 0.2554810E-06 0.2561236E-06 0.2567601E-06 0.2573885E-06 0.2580087E-06 0.2586253E-06 0.2592316E-06 0.2598298E-06
 0.9035305E+06 0.2545956E-06 0.2552882E-06 0.2559716E-06 0.2566465E-06 0.2573123E-06 0.2579699E-06 0.2586187E-06 0.2592614E-06 0.2598959E-06 0.2605222E-06 0.2611448E-06 0.2617570E-06 0.2623610E-06
 0.8337036E+06 0.2562979E-06 0.2577873E-06 0.2584775E-06 0.2591589E-06 0.2598313E-06 0.2604952E-06 0.2611505E-06 0.2617994E-06 0.2624402E-06 0.2630726E-06 0.2637013E-06 0.2643195E-06 0.2649293E-06
 0.7692732E+06 0.2543753E-06 0.2603233E-06 0.2610203E-06 0.2617084E-06 0.2623874E-06 0.2630579E-06 0.2637196E-06 0.2643749E-06 0.2650220E-06 0.2656606E-06 0.2662954E-06 0.2669197E-06 0.2675356E-06
 0.7098220E+06 0.2525495E-06 0.2628970E-06 0.2636008E-06 0.2642957E-06 0.2649814E-06 0.2656586E-06 0.2663268E-06 0.2669886E-06 0.2676420E-06 0.2682869E-06 0.2689281E-06 0.2695586E-06 0.2701805E-06
 0.6549654E+06 0.2508166E-06 0.2638078E-06 0.2662198E-06 0.2669216E-06 0.2676141E-06 0.2682980E-06 0.2689728E-06 0.2696412E-06 0.2703012E-06 0.2709525E-06 0.2716000E-06 0.2722367E-06 0.2728649E-06
 0.6043482E+06 0.2491731E-06 0.2618697E-06 0.2688780E-06 0.2695868E-06 0.2702862E-06 0.2709769E-06 0.2716585E-06 0.2723336E-06 0.2730001E-06 0.2736579E-06 0.2743119E-06 0.2749550E-06 0.2755894E-06
 0.5576429E+06 0.2476154E-06 0.2600311E-06 0.2710339E-06 0.2722922E-06 0.2729986E-06 0.2736962E-06 0.2743846E-06 0.2750665E-06 0.2757397E-06 0.2764041E-06 0.2770647E-06 0.2777142E-06 0.2783550E-06
 0.5145470E+06 0.2461405E-06 0.2582878E-06 0.2690385E-06 0.2750384E-06 0.2757520E-06 0.2764566E-06 0.2771520E-06 0.2778407E-06 0.2785207E-06 0.2791918E-06 0.2798591E-06 0.2805151E-06 0.2811624E-06
 0.4747817E+06 0.2447452E-06 0.2566363E-06 0.2671466E-06 0.2767643E-06 0.2785472E-06 0.2792590E-06 0.2799614E-06 0.2806571E-06 0.2813440E-06 0.2820220E-06 0.2826960E-06 0.2833587E-06 0.2840125E-06
 0.4380895E+06 0.2434267E-06 0.2550731E-06 0.2653539E-06 0.2747511E-06 0.2813852E-06 0.2821043E-06 0.2828138E-06 0.2835166E-06 0.2842105E-06 0.2848953E-06 0.2855762E-06 0.2862457E-06 0.2869061E-06
 0.4042330E+06 0.2421825E-06 0.2535948E-06 0.2636566E-06 0.2728436E-06 0.2814044E-06 0.2849932E-06 0.2857100E-06 0.2864200E-06 0.2871210E-06 0.2878129E-06 0.2885007E-06 0.2891770E-06 0.2898442E-06
 0.3729929E+06 0.2410101E-06 0.2521985E-06 0.2620511E-06 0.2710376E-06 0.2794033E-06 0.2873097E-06 0.2886510E-06 0.2893682E-06 0.2900765E-06 0.2907754E-06 0.2914703E-06 0.2921536E-06 0.2928277E-06
 0.3441672E+06 0.2399071E-06 0.2508813E-06 0.2605340E-06 0.2693290E-06 0.2775088E-06 0.2852326E-06 0.2916375E-06 0.2923622E-06 0.2930778E-06 0.2937840E-06 0.2944861E-06 0.2951764E-06 0.2958575E-06
 0.3175692E+06 0.2388714E-06 0.2496405E-06 0.2591021E-06 0.2677143E-06 0.2757166E-06 0.2832665E-06 0.2904557E-06 0.2954029E-06 0.2961259E-06 0.2968395E-06 0.2975489E-06 0.2982464E-06 0.2989345E-06
 0.2930268E+06 0.2379011E-06 0.2484736E-06 0.2577524E-06 0.2661899E-06 0.2740230E-06 0.2814070E-06 0.2884327E-06 0.2951911E-06 0.2992219E-06 0.2999429E-06 0.3006597E-06 0.3013645E-06 0.3020599E-06
 0.2703810E+06 0.2369941E-06 0.2473783E-06 0.2564821E-06 0.2647526E-06 0.2724240E-06 0.2796498E-06 0.2865197E-06 0.2931235E-06 0.2994873E-06 0.3030952E-06 0.3038196E-06 0.3045318E-06 0.3052344E-06
 0.2494854E+06 0.2361487E-06 0.2463524E-06 0.2552887E-06 0.2633995E-06 0.2709164E-06 0.2779912E-06 0.2847125E-06 0.2911689E-06 0.2973865E-06 0.3033974E-06 0.3070295E-06 0.3077493E-06 0.3084593E-06
 0.2302046E+06 0.2353633E-06 0.2453939E-06 0.2541696E-06 0.2621277E-06 0.2694970E-06 0.2764274E-06 0.2830070E-06 0.2893229E-06 0.2954012E-06 0.3012738E-06 0.3070092E-06 0.3110180E-06 0.3117356E-06
 0.2124139E+06 0.2346362E-06 0.2445008E-06 0.2531228E-06 0.2609345E-06 0.2681626E-06 0.2749552E-06 0.2813994E-06 0.2875812E-06 0.2935268E-06 0.2992676E-06 0.3048710E-06 0.3102956E-06 0.3150644E-06
 0.1959980E+06 0.2339661E-06 0.2436713E-06 0.2521459E-06 0.2598176E-06 0.2669105E-06 0.2735713E-06 0.2798862E-06 0.2859401E-06 0.2917591E-06 0.2973743E-06 0.3028519E-06 0.3081519E-06 0.3133091E-06
 0.1808509E+06 0.2333515E-06 0.2429039E-06 0.2512371E-06 0.2587745E-06 0.2657381E-06 0.2722729E-06 0.2784642E-06 0.2843959E-06 0.2900940E-06 0.2955894E-06 0.3009473E-06 0.3061285E-06 0.3111676E-06
 0.1668743E+06 0.2327912E-06 0.2421967E-06 0.2503944E-06 0.2578032E-06 0.2646429E-06 0.2710571E-06 0.2771302E-06 0.2829453E-06 0.2885280E-06 0.2939091E-06 0.2991527E-06 0.3042208E-06 0.3091473E-06
 0.1539779E+06 0.2322840E-06 0.2415486E-06 0.2496161E-06 0.2569016E-06 0.2636227E-06 0.2699214E-06 0.2758815E-06 0.2815850E-06 0.2870574E-06 0.2923294E-06 0.2974641E-06 0.3024243E-06 0.3072436E-06
 0.1420782E+06 0.2318288E-06 0.2409579E-06 0.2489006E-06 0.2560678E-06 0.2626752E-06 0.2688634E-06 0.2747154E-06 0.2803121E-06 0.2856792E-06 0.2908470E-06 0.2958776E-06 0.3007349E-06 0.3054519E-06
 0.1310980E+06 0.2314246E-06 0.2404235E-06 0.2482463E-06 0.2553002E-06 0.2617986E-06 0.2678808E-06 0.2736292E-06 0.2791238E-06 0.2843902E-06 0.2894585E-06 0.2943896E-06 0.2991487E-06 0.3037683E-06
 0.1209665E+06 0.2310703E-06 0.2399442E-06 0.2476519E-06 0.2545969E-06 0.2609908E-06 0.2669716E-06 0.2726208E-06 0.2780177E-06 0.2831878E-06 0.2881608E-06 0.2929970E-06 0.2976623E-06 0.3021887E-06
 0.1116179E+06 0.2307651E-06 0.2395189E-06 0.2471161E-06 0.2539566E-06 0.2602502E-06 0.2661337E-06 0.2716880E-06 0.2769913E-06 0.2820691E-06 0.2869511E-06 0.2916965E-06 0.2962722E-06 0.3007097E-06
 0.1029919E+06 0.2305082E-06 0.2391464E-06 0.2466375E-06 0.2533777E-06 0.2595752E-06 0.2653654E-06 0.2708286E-06 0.2760423E-06 0.2810319E-06 0.2858267E-06 0.2904854E-06 0.2949753E-06 0.2993280E-06
 0.9503241E+05 0.2302988E-06 0.2388260E-06 0.2462150E-06 0.2528590E-06 0.2589642E-06 0.2646649E-06 0.2700409E-06 0.2751687E-06 0.2800737E-06 0.2847852E-06 0.2893608E-06 0.2937688E-06 0.2980403E-06
 0.8768810E+05 0.2301361E-06 0.2385566E-06 0.2458477E-06 0.2523992E-06 0.2584158E-06 0.2640307E-06 0.2693230E-06 0.2743685E-06 0.2791926E-06 0.2838242E-06 0.2883203E-06 0.2926500E-06 0.2968438E-06
 0.8091137E+05 0.2300196E-06 0.2383375E-06 0.2455344E-06 0.2519971E-06 0.2579287E-06 0.2634612E-06 0.2686733E-06 0.2736399E-06 0.2783864E-06 0.2829415E-06 0.2873615E-06 0.2916162E-06 0.2957358E-06
 0.7465836E+05 0.2299487E-06 0.2381679E-06 0.2452743E-06 0.2516517E-06 0.2575016E-06 0.2629552E-06 0.2680902E-06 0.2729812E-06 0.2776533E-06 0.2821352E-06 0.2864823E-06 0.2906652E-06 0.2947138E-06
 0.6888860E+05 0.2299228E-06 0.2380472E-06 0.2450666E-06 0.2513620E-06 0.2571335E-06 0.2625112E-06 0.2675724E-06 0.2723908E-06 0.2769917E-06 0.2814033E-06 0.2856807E-06 0.2897948E-06 0.2937753E-06
 0.6356473E+05 0.2299414E-06 0.2379746E-06 0.2449104E-06 0.2511271E-06 0.2568234E-06 0.2621282E-06 0.2671185E-06 0.2718674E-06 0.2763998E-06 0.2807442E-06 0.2849546E-06 0.2890029E-06 0.2929183E-06
 0.5865231E+05 0.2300041E-06 0.2379496E-06 0.2448051E-06 0.2509462E-06 0.2565701E-06 0.2618051E-06 0.2667273E-06 0.2714094E-06 0.2758763E-06 0.2801561E-06 0.2843025E-06 0.2882877E-06 0.2921407E-06
 0.5411953E+05 0.2301104E-06 0.2379717E-06 0.2447500E-06 0.2508184E-06 0.2563729E-06 0.2615407E-06 0.2663977E-06 0.2710157E-06 0.2754197E-06 0.2796377E-06 0.2837226E-06 0.2876473E-06 0.2914406E-06
 0.4993705E+05 0.2302602E-06 0.2380404E-06 0.2447445E-06 0.2507432E-06 0.2562309E-06 0.2613343E-06 0.2661286E-06 0.2706851E-06 0.2750288E-06 0.2791874E-06 0.2832134E-06 0.2870802E-06 0.2908162E-06
 0.4607781E+05 0.2304529E-06 0.2381553E-06 0.2447882E-06 0.2507197E-06 0.2561435E-06 0.2611850E-06 0.2659191E-06 0.2704166E-06 0.2747024E-06 0.2788040E-06 0.2827735E-06 0.2865847E-06 0.2902659E-06
 0.4251681E+05 0.2306885E-06 0.2383161E-06 0.2448805E-06 0.2507476E-06 0.2561098E-06 0.2610919E-06 0.2657682E-06 0.2702091E-06 0.2744393E-06 0.2784864E-06 0.2824017E-06 0.2861596E-06 0.2897882E-06
 0.3923102E+05 0.2309666E-06 0.2385224E-06 0.2450210E-06 0.2508262E-06 0.2561294E-06 0.2610543E-06 0.2656752E-06 0.2700618E-06 0.2742387E-06 0.2782334E-06 0.2820967E-06 0.2858036E-06 0.2893817E-06
 0.3619916E+05 0.2312871E-06 0.2387739E-06 0.2452093E-06 0.2509552E-06 0.2562016E-06 0.2610718E-06 0.2656394E-06 0.2699738E-06 0.2740996E-06 0.2780440E-06 0.2818574E-06 0.2855153E-06 0.2890451E-06
 0.3340161E+05 0.2316498E-06 0.2390704E-06 0.2454452E-06 0.2511340E-06 0.2563259E-06 0.2611435E-06 0.2656601E-06 0.2699444E-06 0.2740211E-06 0.2779173E-06 0.2816829E-06 0.2852938E-06 0.2887773E-06
 0.3082026E+05 0.2320547E-06 0.2394118E-06 0.2457283E-06 0.2513624E-06 0.2565020E-06 0.2612691E-06 0.2657367E-06 0.2699730E-06 0.2740026E-06 0.2778525E-06 0.2815722E-06 0.2851381E-06 0.2885770E-06
 0.2843840E+05 0.2325018E-06 0.2397978E-06 0.2460585E-06 0.2516400E-06 0.2567295E-06 0.2614482E-06 0.2658686E-06 0.2700588E-06 0.2740432E-06 0.2778488E-06 0.2815245E-06 0.2850471E-06 0.2884435E-06
 0.2624062E+05 0.2329908E-06 0.2402284E-06 0.2464356E-06 0.2519666E-06 0.2570079E-06 0.2616802E-06 0.2660555E-06 0.2702014E-06 0.2741425E-06 0.2779055E-06 0.2815390E-06 0.2850202E-06 0.2883756E-06
 0.2421268E+05 0.2335220E-06 0.2407035E-06 0.2468593E-06 0.2523420E-06 0.2573372E-06 0.2619648E-06 0.2662968E-06 0.2704003E-06 0.2742998E-06 0.2780220E-06 0.2816150E-06 0.2850565E-06 0.2883727E-06
 0.2234147E+05 0.2340952E-06 0.2412231E-06 0.2473297E-06 0.2527661E-06 0.2577169E-06 0.2623018E-06 0.2665923E-06 0.2706551E-06 0.2745147E-06 0.2781977E-06 0.2817520E-06 0.2851553E-06 0.2884340E-06
 0.2061487E+05 0.2347107E-06 0.2417872E-06 0.2478466E-06 0.2532386E-06 0.2581470E-06 0.2626909E-06 0.2669416E-06 0.2709654E-06 0.2747868E-06 0.2784322E-06 0.2819493E-06 0.2853161E-06 0.2885587E-06
 0.1902171E+05 0.2353684E-06 0.2423958E-06 0.2484101E-06 0.2537596E-06 0.2586274E-06 0.2631320E-06 0.2673445E-06 0.2713309E-06 0.2751157E-06 0.2787251E-06 0.2822065E-06 0.2855382E-06 0.2887463E-06
 0.1755167E+05 0.2360686E-06 0.2430491E-06 0.2490202E-06 0.2543289E-06 0.2591578E-06 0.2636248E-06 0.2678007E-06 0.2717513E-06 0.2755010E-06 0.2790759E-06 0.2825231E-06 0.2858213E-06 0.2889963E-06
 0.1619524E+05 0.2368113E-06 0.2437470E-06 0.2496768E-06 0.2549466E-06 0.2597382E-06 0.2641692E-06 0.2683102E-06 0.2722265E-06 0.2759425E-06 0.2794844E-06 0.2828988E-06 0.2861649E-06 0.2893081E-06
 0.1494364E+05 0.2375968E-06 0.2444897E-06 0.2503801E-06 0.2556127E-06 0.2603687E-06 0.2647653E-06 0.2688727E-06 0.2727561E-06 0.2764399E-06 0.2799502E-06 0.2833332E-06 0.2865685E-06 0.2896814E-06
 0.1378876E+05 0.2384253E-06 0.2452774E-06 0.2511302E-06 0.2563272E-06 0.2610492E-06 0.2654128E-06 0.2694882E-06 0.2733402E-06 0.2769931E-06 0.2804731E-06 0.2838261E-06 0.2870319E-06 0.2901156E-06
 0.1272313E+05 0.2392969E-06 0.2461102E-06 0.2519271E-06 0.2570902E-06 0.2617797E-06 0.2661118E-06 0.2701565E-06 0.2739785E-06 0.2776019E-06 0.2810529E-06 0.2843772E-06 0.2875547E-06 0.2906106E-06
 0.1173986E+05 0.2402119E-06 0.2469882E-06 0.2527710E-06 0.2579018E-06 0.2625602E-06 0.2668622E-06 0.2708776E-06 0.2746709E-06 0.2782661E-06 0.2816894E-06 0.2849861E-06 0.2881366E-06 0.2911659E-06
 0.1083258E+05 0.2411705E-06 0.2479118E-06 0.2536620E-06 0.2587619E-06 0.2633907E-06 0.2676641E-06 0.2716515E-06 0.2754173E-06 0.2789856E-06 0.2823823E-06 0.2856528E-06 0.2887774E-06 0.2917812E-06
 0.9995412E+04 0.2421728E-06 0.2488808E-06 0.2546002E-06 0.2596708E-06 0.2642713E-06 0.2685173E-06 0.2724781E-06 0.2762176E-06 0.2797602E-06 0.2831316E-06 0.2863769E-06 0.2894768E-06 0.2924562E-06
 0.9222945E+04 0.2432191E-06 0.2498956E-06 0.2555856E-06 0.2606283E-06 0.2652020E-06 0.2694218E-06 0.2733572E-06 0.2770717E-06 0.2805896E-06 0.2839368E-06 0.2871581E-06 0.2902344E-06 0.2931904E-06
 0.8510175E+04 0.2443095E-06 0.2509561E-06 0.2566183E-06 0.2616344E-06 0.2661826E-06 0.2703776E-06 0.2742886E-06 0.2779793E-06 0.2814738E-06 0.2847979E-06 0.2879962E-06 0.2910499E-06 0.2939836E-06
 0.7852490E+04 0.2454440E-06 0.2520624E-06 0.2576982E-06 0.2626892E-06 0.2672130E-06 0.2713843E-06 0.2752723E-06 0.2789401E-06 0.2824122E-06 0.2857142E-06 0.2888906E-06 0.2919228E-06 0.2948352E-06
 0.7245632E+04 0.2466225E-06 0.2532144E-06 0.2588252E-06 0.2637922E-06 0.2682929E-06 0.2724417E-06 0.2763076E-06 0.2799538E-06 0.2834045E-06 0.2866855E-06 0.2898409E-06 0.2928524E-06 0.2957445E-06
 0.6685674E+04 0.2478449E-06 0.2544116E-06 0.2599988E-06 0.2649431E-06 0.2694219E-06 0.2735493E-06 0.2773942E-06 0.2810197E-06 0.2844500E-06 0.2877109E-06 0.2908463E-06 0.2938381E-06 0.2967107E-06
 0.6168990E+04 0.2491108E-06 0.2556538E-06 0.2612186E-06 0.2661414E-06 0.2705993E-06 0.2747063E-06 0.2785312E-06 0.2821370E-06 0.2855478E-06 0.2887895E-06 0.2919058E-06 0.2948788E-06 0.2977327E-06
 0.5692237E+04 0.2504194E-06 0.2569401E-06 0.2624837E-06 0.2673861E-06 0.2718241E-06 0.2759117E-06 0.2797175E-06 0.2833044E-06 0.2866967E-06 0.2899200E-06 0.2930180E-06 0.2959729E-06 0.2988091E-06
 0.5252328E+04 0.2517697E-06 0.2582693E-06 0.2637928E-06 0.2686758E-06 0.2730949E-06 0.2771639E-06 0.2809516E-06 0.2845204E-06 0.2878949E-06 0.2911006E-06 0.2941811E-06 0.2971188E-06 0.2999377E-06
 0.4846417E+04 0.2531602E-06 0.2596398E-06 0.2651442E-06 0.2700086E-06 0.2744097E-06 0.2784610E-06 0.2822312E-06 0.2857827E-06 0.2891401E-06 0.2923289E-06 0.2953926E-06 0.2983136E-06 0.3011161E-06
 0.4471875E+04 0.2545887E-06 0.2610492E-06 0.2665353E-06 0.2713820E-06 0.2757657E-06 0.2797999E-06 0.2835533E-06 0.2870882E-06 0.2904291E-06 0.2936017E-06 0.2966490E-06 0.2995540E-06 0.3023407E-06
 0.4126278E+04 0.2560520E-06 0.2624942E-06 0.2679626E-06 0.2727922E-06 0.2771591E-06 0.2811768E-06 0.2849139E-06 0.2884327E-06 0.2917576E-06 0.2949143E-06 0.2979459E-06 0.3008353E-06 0.3036065E-06
 0.3807390E+04 0.2575457E-06 0.2639700E-06 0.2694213E-06 0.2742341E-06 0.2785846E-06 0.2825862E-06 0.2863073E-06 0.2898103E-06 0.2931196E-06 0.2962608E-06 0.2992770E-06 0.3021512E-06 0.3049072E-06
 0.3513147E+04 0.2590636E-06 0.2654703E-06 0.2709045E-06 0.2757007E-06 0.2800349E-06 0.2840205E-06 0.2877259E-06 0.2912132E-06 0.2945071E-06 0.2976329E-06 0.3006338E-06 0.3034928E-06 0.3062340E-06
 0.3241643E+04 0.2605974E-06 0.2669861E-06 0.2724030E-06 0.2771823E-06 0.2815001E-06 0.2854695E-06 0.2891590E-06 0.2926306E-06 0.2959088E-06 0.2990193E-06 0.3020047E-06 0.3048486E-06 0.3075747E-06
 0.2991122E+04 0.2621350E-06 0.2685048E-06 0.2739036E-06 0.2786655E-06 0.2829663E-06 0.2869190E-06 0.2905920E-06 0.2940474E-06 0.2973095E-06 0.3004042E-06 0.3033739E-06 0.3062022E-06 0.3089129E-06
 0.2759961E+04 0.2636596E-06 0.2700089E-06 0.2753882E-06 0.2801313E-06 0.2844139E-06 0.2883488E-06 0.2920044E-06 0.2954426E-06 0.2986878E-06 0.3017658E-06 0.3047189E-06 0.3075309E-06 0.3102254E-06
 0.2546665E+04 0.2651475E-06 0.2714734E-06 0.2768308E-06 0.2815530E-06 0.2858154E-06 0.2897307E-06 0.2933672E-06 0.2967866E-06 0.3000134E-06 0.3030732E-06 0.3060083E-06 0.3088027E-06 0.3114798E-06
 0.2349853E+04 0.2665657E-06 0.2728638E-06 0.2781956E-06 0.2828936E-06 0.2871329E-06 0.2910258E-06 0.2946406E-06 0.2980387E-06 0.3012447E-06 0.3042842E-06 0.3071992E-06 0.3099738E-06 0.3126316E-06
 0.2168251E+04 0.2687632E-06 0.2750691E-06 0.2804060E-06 0.2851073E-06 0.2893485E-06 0.2932425E-06 0.2968576E-06 0.3002554E-06 0.3034607E-06 0.3064989E-06 0.3094123E-06 0.3121850E-06 0.3148406E-06
 0.2000684E+04 0.2720664E-06 0.2784299E-06 0.2838149E-06 0.2885580E-06 0.2928365E-06 0.2967645E-06 0.3004107E-06 0.3038376E-06 0.3070700E-06 0.3101338E-06 0.3130715E-06 0.3158672E-06 0.3185446E-06
 0.1846067E+04 0.2761292E-06 0.2825836E-06 0.2880453E-06 0.2928559E-06 0.2971953E-06 0.3011790E-06 0.3048769E-06 0.3083523E-06 0.3116305E-06 0.3147375E-06 0.3177167E-06 0.3205518E-06 0.3232670E-06
 0.1703399E+04 0.2807759E-06 0.2873461E-06 0.2929061E-06 0.2978033E-06 0.3022210E-06 0.3062768E-06 0.3100417E-06 0.3135802E-06 0.3169179E-06 0.3200815E-06 0.3231149E-06 0.3260018E-06 0.3287665E-06
 0.1571756E+04 0.2859067E-06 0.2926129E-06 0.2982885E-06 0.3032880E-06 0.3077983E-06 0.3119394E-06 0.3157837E-06 0.3193971E-06 0.3228056E-06 0.3260364E-06 0.3291345E-06 0.3320830E-06 0.3349069E-06
 0.1450288E+04 0.2914632E-06 0.2983230E-06 0.3041293E-06 0.3092446E-06 0.3138599E-06 0.3180977E-06 0.3220322E-06 0.3257306E-06 0.3292197E-06 0.3325271E-06 0.3356988E-06 0.3387176E-06 0.3416091E-06
 0.1338206E+04 0.2974095E-06 0.3044386E-06 0.3103894E-06 0.3156328E-06 0.3203642E-06 0.3247092E-06 0.3287437E-06 0.3325364E-06 0.3361148E-06 0.3395073E-06 0.3427609E-06 0.3458578E-06 0.3488243E-06
 0.1234787E+04 0.3037232E-06 0.3109367E-06 0.3170448E-06 0.3224277E-06 0.3272858E-06 0.3317478E-06 0.3358914E-06 0.3397872E-06 0.3434633E-06 0.3469487E-06 0.3502918E-06 0.3534743E-06 0.3565230E-06
 0.1139360E+04 0.3103911E-06 0.3178033E-06 0.3240810E-06 0.3296146E-06 0.3346095E-06 0.3391978E-06 0.3434595E-06 0.3474668E-06 0.3512485E-06 0.3548346E-06 0.3582746E-06 0.3615496E-06 0.3646874E-06
 0.1051307E+04 0.3174055E-06 0.3250305E-06 0.3314900E-06 0.3371851E-06 0.3423267E-06 0.3470506E-06 0.3514389E-06 0.3555660E-06 0.3594612E-06 0.3631554E-06 0.3666997E-06 0.3700743E-06 0.3733080E-06
 0.9700599E+03 0.3247627E-06 0.3326143E-06 0.3392676E-06 0.3451349E-06 0.3504332E-06 0.3553019E-06 0.3598255E-06 0.3640805E-06 0.3680971E-06 0.3719069E-06 0.3755626E-06 0.3790438E-06 0.3823800E-06
 0.8950915E+03 0.3324611E-06 0.3405534E-06 0.3474126E-06 0.3534629E-06 0.3589276E-06 0.3639503E-06 0.3686178E-06 0.3730090E-06 0.3771548E-06 0.3810878E-06 0.3848621E-06 0.3884569E-06 0.3919024E-06
 0.8259169E+03 0.3405016E-06 0.3488485E-06 0.3559256E-06 0.3621698E-06 0.3678110E-06 0.3729970E-06 0.3778172E-06 0.3823527E-06 0.3866356E-06 0.3906993E-06 0.3945998E-06 0.3983152E-06 0.4018767E-06
 0.7620882E+03 0.3488833E-06 0.3574987E-06 0.3648060E-06 0.3712550E-06 0.3770825E-06 0.3824410E-06 0.3874226E-06 0.3921109E-06 0.3965389E-06 0.4007410E-06 0.4047748E-06 0.4086180E-06 0.4123025E-06
 0.7031923E+03 0.3576069E-06 0.3665051E-06 0.3740546E-06 0.3807193E-06 0.3867433E-06 0.3922837E-06 0.3974355E-06 0.4022850E-06 0.4068660E-06 0.4112141E-06 0.4153889E-06 0.4193669E-06 0.4231813E-06
 0.6488481E+03 0.3676230E-06 0.3758661E-06 0.3836701E-06 0.3905614E-06 0.3967919E-06 0.4025236E-06 0.4078545E-06 0.4128735E-06 0.4176156E-06 0.4221175E-06 0.4264406E-06 0.4305606E-06 0.4345118E-06
 0.5987037E+03 0.3803523E-06 0.3855778E-06 0.3936482E-06 0.4007770E-06 0.4072239E-06 0.4131562E-06 0.4186748E-06 0.4238717E-06 0.4287829E-06 0.4334460E-06 0.4379249E-06 0.4421941E-06 0.4462890E-06
 0.5524345E+03 0.3936901E-06 0.3956314E-06 0.4039800E-06 0.4113567E-06 0.4180296E-06 0.4241714E-06 0.4298863E-06 0.4352691E-06 0.4403570E-06 0.4451889E-06 0.4498307E-06 0.4542560E-06 0.4585013E-06
 0.5097411E+03 0.4076742E-06 0.4076742E-06 0.4146486E-06 0.4222831E-06 0.4291911E-06 0.4355509E-06 0.4426835E-06 0.4470463E-06 0.4528488E-06 0.4573259E-06 0.4621374E-06 0.4667252E-06 0.4711273E-06
 0.4703472E+03 0.4223450E-06 0.4223450E-06 0.4256252E-06 0.4335263E-06 0.4449368E-06 0.4472627E-06 0.4592879E-06 0.4592879E-06 0.4700343E-06 0.4700343E-06 0.4787161E-06 0.4795651E-06 0.4860468E-06
 0.4339977E+03 0.4377465E-06 0.4377465E-06 0.4377465E-06 0.4450359E-06 0.4615914E-06 0.4615914E-06 0.4767608E-06 0.4767608E-06 0.4881312E-06 0.4881312E-06 0.4973243E-06 0.4973243E-06 0.5050917E-06
 0.4004574E+03 0.4539258E-06 0.4539258E-06 0.4539258E-06 0.4567268E-06 0.4791134E-06 0.4791134E-06 0.4951615E-06 0.4951615E-06 0.5072031E-06 0.5072031E-06 0.5169465E-06 0.5169465E-06 0.5251843E-06
 0.3695092E+03 0.4709339E-06 0.4709339E-06 0.4709339E-06 0.4709339E-06 0.4975620E-06 0.4975620E-06 0.5145547E-06 0.5145547E-06 0.5273187E-06 0.5273187E-06 0.5376553E-06 0.5376553E-06 0.5464006E-06
 0.3409527E+03 0.4888262E-06 0.4888262E-06 0.4888262E-06 0.4888262E-06 0.5170012E-06 0.5170012E-06 0.5350105E-06 0.5350105E-06 0.5485532E-06 0.5485532E-06 0.5595299E-06 0.5595299E-06 0.5688234E-06
 0.3146031E+03 0.5076623E-06 0.5076623E-06 0.5076623E-06 0.5076623E-06 0.5375005E-06 0.5375005E-06 0.5566053E-06 0.5566053E-06 0.5709885E-06 0.5709885E-06 0.5826569E-06 0.5826569E-06 0.5925434E-06
 0.2902899E+03 0.5275074E-06 0.5275074E-06 0.5275074E-06 0.5275074E-06 0.5591357E-06 0.5591357E-06 0.5794225E-06 0.5794225E-06 0.5947140E-06 0.5947140E-06 0.6071309E-06 0.6071309E-06 0.6176596E-06
 0.2678557E+03 0.5260712E-06 0.5415550E-06 0.5484317E-06 0.5484317E-06 0.5772714E-06 0.5819893E-06 0.5964259E-06 0.6035531E-06 0.6134862E-06 0.6198276E-06 0.6290398E-06 0.6330555E-06 0.6433741E-06
 0.2471552E+03 0.5467105E-06 0.5631130E-06 0.5705119E-06 0.5705119E-06 0.6010154E-06 0.6061514E-06 0.6213806E-06 0.6290967E-06 0.6395417E-06 0.6464364E-06 0.6561174E-06 0.6605445E-06 0.6714092E-06
 0.2280545E+03 0.5684274E-06 0.5858162E-06 0.5938315E-06 0.5938315E-06 0.6260713E-06 0.6317203E-06 0.6477429E-06 0.6561624E-06 0.6670937E-06 0.6746583E-06 0.6847758E-06 0.6897231E-06 0.7011055E-06
 0.2104299E+03 0.5912726E-06 0.6097201E-06 0.6184815E-06 0.6184815E-06 0.6525066E-06 0.6588040E-06 0.6755875E-06 0.6848699E-06 0.6962242E-06 0.7046227E-06 0.7151040E-06 0.7207289E-06 0.7325589E-06
 0.1941674E+03 0.6152883E-06 0.6348712E-06 0.6445612E-06 0.6445612E-06 0.6803794E-06 0.6875206E-06 0.7049797E-06 0.7153510E-06 0.7270053E-06 0.7364722E-06 0.7471806E-06 0.7537143E-06 0.7658546E-06
 0.1791617E+03 0.6405017E-06 0.6613001E-06 0.6721795E-06 0.6721795E-06 0.7097297E-06 0.7179999E-06 0.7359654E-06 0.7477507E-06 0.7594886E-06 0.7703645E-06 0.7810633E-06 0.7888473E-06 0.8010561E-06
 0.1653157E+03 0.6669148E-06 0.6890107E-06 0.7014553E-06 0.7014553E-06 0.7405668E-06 0.7503850E-06 0.7685576E-06 0.7814292E-06 0.7936910E-06 0.8054226E-06 0.8167730E-06 0.8263144E-06 0.8381885E-06
 0.1525398E+03 0.6944905E-06 0.7179650E-06 0.7325196E-06 0.7325196E-06 0.7728516E-06 0.7848335E-06 0.8027171E-06 0.8164664E-06 0.8295736E-06 0.8421224E-06 0.8542712E-06 0.8659398E-06 0.8772140E-06
 0.1407511E+03 0.7231345E-06 0.7480635E-06 0.7655161E-06 0.7655161E-06 0.8064724E-06 0.8215194E-06 0.8383259E-06 0.8530073E-06 0.8670130E-06 0.8804310E-06 0.8934298E-06 0.9059225E-06 0.9180002E-06
 0.1298736E+03 0.7526735E-06 0.7791214E-06 0.8006030E-06 0.8006030E-06 0.8412168E-06 0.8587030E-06 0.8751562E-06 0.8908168E-06 0.9057671E-06 0.9200998E-06 0.9339935E-06 0.9473546E-06 0.9602796E-06
 0.1198367E+03 0.7828330E-06 0.8108444E-06 0.8350648E-06 0.8379553E-06 0.8767421E-06 0.8953322E-06 0.9128373E-06 0.9295111E-06 0.9454395E-06 0.9607198E-06 0.9755415E-06 0.9898035E-06 0.1003608E-05
 0.1105754E+03 0.8132235E-06 0.8428134E-06 0.8684253E-06 0.8777660E-06 0.9125550E-06 0.9322624E-06 0.9508329E-06 0.9685335E-06 0.9854536E-06 0.1001695E-05 0.1017459E-05 0.1032636E-05 0.1047334E-05
 0.1020299E+03 0.8433452E-06 0.8744887E-06 0.9014708E-06 0.9202494E-06 0.9480160E-06 0.9688245E-06 0.9884452E-06 0.1007158E-05 0.1025056E-05 0.1042246E-05 0.1058939E-05 0.1075019E-05 0.1090599E-05
 0.9414481E+02 0.8726261E-06 0.9052516E-06 0.9335399E-06 0.9589896E-06 0.9823871E-06 0.1004245E-05 0.1024866E-05 0.1044543E-05 0.1063373E-05 0.1081466E-05 0.1099043E-05 0.1115983E-05 0.1132404E-05
 0.8686909E+02 0.9004979E-06 0.9344851E-06 0.9639721E-06 0.9905146E-06 0.1014929E-05 0.1037746E-05 0.1059282E-05 0.1079840E-05 0.1099520E-05 0.1118438E-05 0.1136822E-05 0.1154546E-05 0.1171732E-05
 0.8015566E+02 0.9264956E-06 0.9616834E-06 0.9922245E-06 0.1019726E-05 0.1045030E-05 0.1068686E-05 0.1091020E-05 0.1112346E-05 0.1132766E-05 0.1152400E-05 0.1171485E-05 0.1189888E-05 0.1207737E-05
 0.7396105E+02 0.9503482E-06 0.9865500E-06 0.1017977E-05 0.1046282E-05 0.1072329E-05 0.1096683E-05 0.1119679E-05 0.1141640E-05 0.1162671E-05 0.1182894E-05 0.1202554E-05 0.1221514E-05 0.1239905E-05
 0.6824518E+02 0.9720220E-06 0.1009045E-05 0.1041186E-05 0.1070132E-05 0.1096770E-05 0.1121677E-05 0.1145194E-05 0.1167653E-05 0.1189160E-05 0.1209841E-05 0.1229947E-05 0.1249336E-05 0.1268144E-05
 0.6297104E+02 0.9917006E-06 0.1029366E-05 0.1062058E-05 0.1091496E-05 0.1118582E-05 0.1143905E-05 0.1167811E-05 0.1190639E-05 0.1212498E-05 0.1233514E-05 0.1253944E-05 0.1273643E-05 0.1292749E-05
 0.5810450E+02 0.1009717E-05 0.1047871E-05 0.1080975E-05 0.1110776E-05 0.1138188E-05 0.1163809E-05 0.1187992E-05 0.1211079E-05 0.1233181E-05 0.1254427E-05 0.1275076E-05 0.1294983E-05 0.1314286E-05
 0.5361405E+02 0.1026474E-05 0.1064992E-05 0.1098398E-05 0.1128458E-05 0.1156100E-05 0.1181926E-05 0.1206296E-05 0.1229554E-05 0.1251813E-05 0.1273204E-05 0.1293990E-05 0.1314023E-05 0.1333445E-05
 0.4947064E+02 0.1042372E-05 0.1081164E-05 0.1114789E-05 0.1145032E-05 0.1172830E-05 0.1198793E-05 0.1223281E-05 0.1246645E-05 0.1268998E-05 0.1290473E-05 0.1311332E-05 0.1331432E-05 0.1350912E-05
 0.4564744E+02 0.1057772E-05 0.1096774E-05 0.1130561E-05 0.1160933E-05 0.1188837E-05 0.1214888E-05 0.1239449E-05 0.1262873E-05 0.1285276E-05 0.1306791E-05 0.1327682E-05 0.1347805E-05 0.1367303E-05
 0.4211970E+02 0.1072977E-05 0.1112147E-05 0.1146059E-05 0.1176527E-05 0.1204505E-05 0.1230612E-05 0.1255216E-05 0.1278671E-05 0.1301095E-05 0.1322622E-05 0.1343518E-05 0.1363638E-05 0.1383126E-05
 0.3886460E+02 0.1088229E-05 0.1127546E-05 0.1161561E-05 0.1192105E-05 0.1220138E-05 0.1246284E-05 0.1270914E-05 0.1294384E-05 0.1316812E-05 0.1338336E-05 0.1359220E-05 0.1379323E-05 0.1398787E-05
 0.3586106E+02 0.1103721E-05 0.1143173E-05 0.1177284E-05 0.1207895E-05 0.1235975E-05 0.1262152E-05 0.1286800E-05 0.1310276E-05 0.1332703E-05 0.1354216E-05 0.1375082E-05 0.1395160E-05 0.1414593E-05
 0.3308964E+02 0.1119601E-05 0.1159189E-05 0.1193394E-05 0.1224072E-05 0.1252198E-05 0.1278405E-05 0.1303071E-05 0.1326554E-05 0.1348978E-05 0.1370479E-05 0.1391327E-05 0.1411380E-05 0.1430782E-05
 0.3053240E+02 0.1135987E-05 0.1175717E-05 0.1210022E-05 0.1240773E-05 0.1268950E-05 0.1295193E-05 0.1319880E-05 0.1343374E-05 0.1365799E-05 0.1387293E-05 0.1408126E-05 0.1428158E-05 0.1447532E-05
 0.2817278E+02 0.1152972E-05 0.1192857E-05 0.1227273E-05 0.1258105E-05 0.1286343E-05 0.1312629E-05 0.1337346E-05 0.1360859E-05 0.1383292E-05 0.1404787E-05 0.1425612E-05 0.1445629E-05 0.1464983E-05
 0.2599553E+02 0.1170634E-05 0.1210691E-05 0.1245232E-05 0.1276158E-05 0.1304468E-05 0.1330808E-05 0.1355566E-05 0.1379107E-05 0.1401559E-05 0.1423063E-05 0.1443889E-05 0.1463901E-05 0.1483243E-05
 0.2398654E+02 0.1189042E-05 0.1229288E-05 0.1263971E-05 0.1295007E-05 0.1323402E-05 0.1349810E-05 0.1374620E-05 0.1398201E-05 0.1420682E-05 0.1442207E-05 0.1463046E-05 0.1483062E-05 0.1502403E-05
 0.2213280E+02 0.1208256E-05 0.1248712E-05 0.1283555E-05 0.1314716E-05 0.1343212E-05 0.1369701E-05 0.1394578E-05 0.1418212E-05 0.1440736E-05 0.1462293E-05 0.1483156E-05 0.1503189E-05 0.1522540E-05
 0.2042233E+02 0.1228331E-05 0.1269021E-05 0.1304043E-05 0.1335348E-05 0.1363961E-05 0.1390547E-05 0.1415504E-05 0.1439206E-05 0.1461785E-05 0.1483388E-05 0.1504289E-05 0.1524351E-05 0.1543723E-05
 0.1884405E+02 0.1249324E-05 0.1290271E-05 0.1325493E-05 0.1356960E-05 0.1385708E-05 0.1412407E-05 0.1437460E-05 0.1461245E-05 0.1483894E-05 0.1505556E-05 0.1526507E-05 0.1546611E-05 0.1566017E-05
 0.1738774E+02 0.1271288E-05 0.1312518E-05 0.1347962E-05 0.1379611E-05 0.1408511E-05 0.1435342E-05 0.1460507E-05 0.1484389E-05 0.1507122E-05 0.1528858E-05 0.1549873E-05 0.1570032E-05 0.1589487E-05
 0.1604398E+02 0.1294280E-05 0.1335819E-05 0.1371508E-05 0.1403360E-05 0.1432432E-05 0.1459410E-05 0.1484704E-05 0.1508700E-05 0.1531533E-05 0.1553357E-05 0.1574451E-05 0.1594680E-05 0.1614195E-05
 0.1480406E+02 0.1318357E-05 0.1360234E-05 0.1396192E-05 0.1428268E-05 0.1457531E-05 0.1484676E-05 0.1510116E-05 0.1534241E-05 0.1557191E-05 0.1579118E-05 0.1600305E-05 0.1620617E-05 0.1640207E-05
 0.1365997E+02 0.1343582E-05 0.1385825E-05 0.1422077E-05 0.1454399E-05 0.1483874E-05 0.1511203E-05 0.1536808E-05 0.1561080E-05 0.1584161E-05 0.1606208E-05 0.1627504E-05 0.1647914E-05 0.1667593E-05
 0.1260430E+02 0.1370019E-05 0.1412657E-05 0.1449229E-05 0.1481820E-05 0.1511528E-05 0.1539062E-05 0.1564849E-05 0.1589286E-05 0.1612516E-05 0.1634698E-05 0.1656118E-05 0.1676641E-05 0.1696424E-05
 0.1163021E+02 0.1397736E-05 0.1440802E-05 0.1477720E-05 0.1510604E-05 0.1540567E-05 0.1568327E-05 0.1594315E-05 0.1618934E-05 0.1642331E-05 0.1664664E-05 0.1686225E-05 0.1706876E-05 0.1726778E-05
 0.1073140E+02 0.1426808E-05 0.1470334E-05 0.1507626E-05 0.1540829E-05 0.1571069E-05 0.1599075E-05 0.1625285E-05 0.1650105E-05 0.1673686E-05 0.1696188E-05 0.1717906E-05 0.1738702E-05 0.1758737E-05
 0.9902056E+01 0.1457314E-05 0.1501334E-05 0.1539030E-05 0.1572577E-05 0.1603118E-05 0.1631392E-05 0.1657844E-05 0.1682885E-05 0.1706668E-05 0.1729358E-05 0.1751249E-05 0.1772206E-05 0.1792391E-05
 0.9136803E+01 0.1489340E-05 0.1533889E-05 0.1572019E-05 0.1605938E-05 0.1636804E-05 0.1665370E-05 0.1692084E-05 0.1717367E-05 0.1741372E-05 0.1764266E-05 0.1786349E-05 0.1807484E-05 0.1827836E-05
 0.8430690E+01 0.1522977E-05 0.1568093E-05 0.1606690E-05 0.1641007E-05 0.1672225E-05 0.1701106E-05 0.1728106E-05 0.1753651E-05 0.1777897E-05 0.1801016E-05 0.1823309E-05 0.1844640E-05 0.1865175E-05
 0.7779148E+01 0.1558325E-05 0.1604048E-05 0.1643143E-05 0.1677890E-05 0.1709486E-05 0.1738707E-05 0.1766015E-05 0.1791845E-05 0.1816354E-05 0.1839716E-05 0.1862239E-05 0.1883784E-05 0.1904519E-05
 0.7177958E+01 0.1595491E-05 0.1641862E-05 0.1681492E-05 0.1716699E-05 0.1748702E-05 0.1778288E-05 0.1805930E-05 0.1832066E-05 0.1856859E-05 0.1880486E-05 0.1903258E-05 0.1925036E-05 0.1945991E-05
 0.6623230E+01 0.1634593E-05 0.1681654E-05 0.1721856E-05 0.1757556E-05 0.1789994E-05 0.1819973E-05 0.1847974E-05 0.1874441E-05 0.1899542E-05 0.1923455E-05 0.1946498E-05 0.1968529E-05 0.1989722E-05
 0.6111372E+01 0.1675755E-05 0.1723553E-05 0.1764365E-05 0.1800593E-05 0.1833499E-05 0.1863899E-05 0.1892285E-05 0.1919109E-05 0.1944541E-05 0.1968763E-05 0.1992097E-05 0.2014402E-05 0.2035855E-05
 0.5639071E+01 0.1719115E-05 0.1767699E-05 0.1809162E-05 0.1845953E-05 0.1879359E-05 0.1910212E-05 0.1939011E-05 0.1966218E-05 0.1992006E-05 0.2016561E-05 0.2040211E-05 0.2062812E-05 0.2084544E-05
 0.5203272E+01 0.1764823E-05 0.1814242E-05 0.1856400E-05 0.1893793E-05 0.1927734E-05 0.1959071E-05 0.1988313E-05 0.2015931E-05 0.2042101E-05 0.2067015E-05 0.2091004E-05 0.2113924E-05 0.2135958E-05
 0.4801151E+01 0.1813038E-05 0.1863348E-05 0.1906248E-05 0.1944283E-05 0.1978796E-05 0.2010650E-05 0.2040366E-05 0.2068424E-05 0.2095006E-05 0.2120304E-05 0.2144657E-05 0.2167921E-05 0.2190280E-05
 0.4430108E+01 0.1863938E-05 0.1915197E-05 0.1958886E-05 0.1997608E-05 0.2032730E-05 0.2065138E-05 0.2095362E-05 0.2123892E-05 0.2150913E-05 0.2176624E-05 0.2201369E-05 0.2225001E-05 0.2247711E-05
 0.4087739E+01 0.1917715E-05 0.1969984E-05 0.2014515E-05 0.2053968E-05 0.2089742E-05 0.2122741E-05 0.2153508E-05 0.2182543E-05 0.2210036E-05 0.2236189E-05 0.2261354E-05 0.2285383E-05 0.2308468E-05
 0.3771829E+01 0.1974579E-05 0.2027923E-05 0.2073351E-05 0.2113584E-05 0.2150054E-05 0.2183685E-05 0.2215032E-05 0.2244607E-05 0.2272604E-05 0.2299232E-05 0.2324847E-05 0.2349301E-05 0.2372789E-05
 0.3480334E+01 0.2034758E-05 0.2089247E-05 0.2135632E-05 0.2176697E-05 0.2213909E-05 0.2248215E-05 0.2280182E-05 0.2310335E-05 0.2338872E-05 0.2366007E-05 0.2392105E-05 0.2417014E-05 0.2440936E-05