 k(Mpc^-1)     CL=0.4515     CL=0.5763     CL=0.6827     CL=0.7699     CL=0.8385     CL=0.8904     CL=0.9281     CL=0.9545     CL=0.9722     CL=0.9836     CL=0.9907     CL=0.9949     CL=0.9973
 0.4043408E+06 0.8125000E-08 0.8557993E-08 0.8885623E-08 0.9133072E-08 0.9316966E-08 0.9450677E-08 0.9545171E-08 0.9610125E-08 0.9653135E-08 0.9680617E-08 0.9697644E-08 0.9707687E-08 0.9713415E-08
 0.3932185E+06 0.4782250E-08 0.4933876E-08 0.5044783E-08 0.5126469E-08 0.5186059E-08 0.5228805E-08 0.5258724E-08 0.5279153E-08 0.5292619E-08 0.5301198E-08 0.5306504E-08 0.5309630E-08 0.5311411E-08
 0.3824024E+06 0.4574862E-08 0.4713279E-08 0.4814289E-08 0.4888561E-08 0.4942674E-08 0.4981458E-08 0.5008587E-08 0.5027101E-08 0.5039302E-08 0.5047074E-08 0.5051879E-08 0.5054710E-08 0.5056324E-08
 0.3718838E+06 0.4454371E-08 0.4585214E-08 0.4680560E-08 0.4750596E-08 0.4801585E-08 0.4838109E-08 0.4863649E-08 0.4881072E-08 0.4892553E-08 0.4899865E-08 0.4904386E-08 0.4907051E-08 0.4908569E-08
 0.3616543E+06 0.4378196E-08 0.4504208E-08 0.4595949E-08 0.4663289E-08 0.4712290E-08 0.4747378E-08 0.4771906E-08 0.4788637E-08 0.4799661E-08 0.4806681E-08 0.4811021E-08 0.4813577E-08 0.4815035E-08
 0.3517064E+06 0.4328420E-08 0.4451183E-08 0.4540497E-08 0.4606025E-08 0.4653690E-08 0.4687812E-08 0.4711662E-08 0.4727927E-08 0.4738643E-08 0.4745467E-08 0.4749686E-08 0.4752172E-08 0.4753588E-08
 0.3420322E+06 0.4295957E-08 0.4416482E-08 0.4504126E-08 0.4568402E-08 0.4615147E-08 0.4648603E-08 0.4671984E-08 0.4687930E-08 0.4698433E-08 0.4705121E-08 0.4709257E-08 0.4711693E-08 0.4713081E-08
 0.3326240E+06 0.4275627E-08 0.4394608E-08 0.4481095E-08 0.4544509E-08 0.4590617E-08 0.4623612E-08 0.4646669E-08 0.4662392E-08 0.4672749E-08 0.4679343E-08 0.4683420E-08 0.4685823E-08 0.4687192E-08
 0.3234744E+06 0.4264221E-08 0.4382158E-08 0.4467866E-08 0.4530693E-08 0.4576368E-08 0.4609051E-08 0.4631888E-08 0.4647460E-08 0.4657717E-08 0.4664248E-08 0.4668287E-08 0.4670665E-08 0.4672020E-08
 0.3145767E+06 0.4259628E-08 0.4376901E-08 0.4462108E-08 0.4524559E-08 0.4569956E-08 0.4602437E-08 0.4625131E-08 0.4640605E-08 0.4650798E-08 0.4657288E-08 0.4661301E-08 0.4663664E-08 0.4665011E-08
 0.3059238E+06 0.4260395E-08 0.4377296E-08 0.4462221E-08 0.4524458E-08 0.4569696E-08 0.4602062E-08 0.4624675E-08 0.4640093E-08 0.4650248E-08 0.4656714E-08 0.4660713E-08 0.4663067E-08 0.4664409E-08
 0.2975087E+06 0.4265482E-08 0.4382246E-08 0.4467061E-08 0.4529216E-08 0.4574390E-08 0.4606709E-08 0.4629289E-08 0.4644683E-08 0.4654823E-08 0.4661280E-08 0.4665271E-08 0.4667622E-08 0.4668962E-08
 0.2893252E+06 0.4274121E-08 0.4390939E-08 0.4475789E-08 0.4537965E-08 0.4583153E-08 0.4615481E-08 0.4638065E-08 0.4653465E-08 0.4663608E-08 0.4670064E-08 0.4674058E-08 0.4676409E-08 0.4677749E-08
 0.2813669E+06 0.4285734E-08 0.4402766E-08 0.4487767E-08 0.4550052E-08 0.4595318E-08 0.4627702E-08 0.4650325E-08 0.4665751E-08 0.4675911E-08 0.4682378E-08 0.4686379E-08 0.4688734E-08 0.4690077E-08
 0.2736272E+06 0.4299876E-08 0.4417255E-08 0.4502506E-08 0.4564975E-08 0.4610374E-08 0.4642853E-08 0.4665543E-08 0.4681013E-08 0.4691203E-08 0.4697690E-08 0.4701701E-08 0.4704064E-08 0.4705411E-08
 0.2661007E+06 0.4316193E-08 0.4434035E-08 0.4519623E-08 0.4582339E-08 0.4627918E-08 0.4660525E-08 0.4683305E-08 0.4698837E-08 0.4709066E-08 0.4715580E-08 0.4719606E-08 0.4721979E-08 0.4723331E-08
 0.2587811E+06 0.4334406E-08 0.4452811E-08 0.4538811E-08 0.4601829E-08 0.4647629E-08 0.4680394E-08 0.4703285E-08 0.4718892E-08 0.4729171E-08 0.4735716E-08 0.4739762E-08 0.4742145E-08 0.4743504E-08
 0.2516629E+06 0.4354291E-08 0.4473347E-08 0.4559824E-08 0.4623193E-08 0.4669249E-08 0.4702198E-08 0.4725216E-08 0.4740912E-08 0.4751249E-08 0.4757830E-08 0.4761900E-08 0.4764296E-08 0.4765663E-08
 0.2447404E+06 0.4375662E-08 0.4495449E-08 0.4582460E-08 0.4646222E-08 0.4692567E-08 0.4725721E-08 0.4748885E-08 0.4764680E-08 0.4775081E-08 0.4781705E-08 0.4785801E-08 0.4788212E-08 0.4789587E-08
 0.2380084E+06 0.4398367E-08 0.4518954E-08 0.4606552E-08 0.4670747E-08 0.4717407E-08 0.4750790E-08 0.4774113E-08 0.4790015E-08 0.4800490E-08 0.4807159E-08 0.4811283E-08 0.4813711E-08 0.4815096E-08
 0.2314616E+06 0.4422280E-08 0.4543730E-08 0.4631961E-08 0.4696626E-08 0.4743628E-08 0.4777257E-08 0.4800753E-08 0.4816772E-08 0.4827324E-08 0.4834043E-08 0.4838196E-08 0.4840644E-08 0.4842038E-08
 0.2250947E+06 0.4447292E-08 0.4569665E-08 0.4658574E-08 0.4723740E-08 0.4771108E-08 0.4805000E-08 0.4828679E-08 0.4844825E-08 0.4855460E-08 0.4862232E-08 0.4866418E-08 0.4868883E-08 0.4870289E-08
 0.2189031E+06 0.4473317E-08 0.4596665E-08 0.4686292E-08 0.4751988E-08 0.4799744E-08 0.4833914E-08 0.4857788E-08 0.4874068E-08 0.4884791E-08 0.4891617E-08 0.4895839E-08 0.4898326E-08 0.4899743E-08
 0.2128818E+06 0.4500276E-08 0.4624649E-08 0.4715031E-08 0.4781284E-08 0.4829448E-08 0.4863912E-08 0.4887991E-08 0.4904412E-08 0.4915227E-08 0.4922114E-08 0.4926371E-08 0.4928879E-08 0.4930308E-08
 0.2070260E+06 0.4528106E-08 0.4653551E-08 0.4744722E-08 0.4811557E-08 0.4860148E-08 0.4894918E-08 0.4919214E-08 0.4935781E-08 0.4946693E-08 0.4953642E-08 0.4957939E-08 0.4960469E-08 0.4961911E-08
 0.2013314E+06 0.4556749E-08 0.4683310E-08 0.4775302E-08 0.4842745E-08 0.4891781E-08 0.4926871E-08 0.4951391E-08 0.4968111E-08 0.4979124E-08 0.4986137E-08 0.4990474E-08 0.4993028E-08 0.4994483E-08
 0.1957935E+06 0.4586159E-08 0.4713877E-08 0.4806721E-08 0.4874795E-08 0.4924292E-08 0.4959714E-08 0.4984466E-08 0.5001345E-08 0.5012464E-08 0.5019544E-08 0.5023922E-08 0.5026500E-08 0.5027970E-08
 0.1904079E+06 0.4616294E-08 0.4745209E-08 0.4838933E-08 0.4907659E-08 0.4957634E-08 0.4993400E-08 0.5018393E-08 0.5035437E-08 0.5046664E-08 0.5053813E-08 0.5058234E-08 0.5060837E-08 0.5062321E-08
 0.1851703E+06 0.4647119E-08 0.4777268E-08 0.4871902E-08 0.4941301E-08 0.4991769E-08 0.5027889E-08 0.5053131E-08 0.5070344E-08 0.5081684E-08 0.5088904E-08 0.5093370E-08 0.5095999E-08 0.5097498E-08
 0.1800769E+06 0.4678603E-08 0.4810021E-08 0.4905591E-08 0.4975684E-08 0.5026659E-08 0.5063145E-08 0.5088643E-08 0.5106032E-08 0.5117487E-08 0.5124781E-08 0.5129292E-08 0.5131948E-08 0.5133462E-08
 0.1751236E+06 0.4710719E-08 0.4843441E-08 0.4939974E-08 0.5010780E-08 0.5062278E-08 0.5099139E-08 0.5124899E-08 0.5142469E-08 0.5154043E-08 0.5161413E-08 0.5165969E-08 0.5168653E-08 0.5170183E-08
 0.1703064E+06 0.4743444E-08 0.4877506E-08 0.4975025E-08 0.5046563E-08 0.5098597E-08 0.5135843E-08 0.5161875E-08 0.5179629E-08 0.5191325E-08 0.5198773E-08 0.5203377E-08 0.5206090E-08 0.5207636E-08
 0.1656218E+06 0.4776760E-08 0.4912193E-08 0.5010724E-08 0.5083010E-08 0.5135593E-08 0.5173235E-08 0.5199545E-08 0.5217490E-08 0.5229309E-08 0.5236837E-08 0.5241492E-08 0.5244233E-08 0.5245796E-08
 0.1610661E+06 0.4810647E-08 0.4947483E-08 0.5047050E-08 0.5120105E-08 0.5173251E-08 0.5211298E-08 0.5237891E-08 0.5256029E-08 0.5267978E-08 0.5275587E-08 0.5280292E-08 0.5283063E-08 0.5284643E-08
 0.1566356E+06 0.4845093E-08 0.4983364E-08 0.5083990E-08 0.5157831E-08 0.5211552E-08 0.5250013E-08 0.5276896E-08 0.5295234E-08 0.5307314E-08 0.5315006E-08 0.5319763E-08 0.5322565E-08 0.5324162E-08
 0.1523271E+06 0.4880083E-08 0.5019819E-08 0.5121528E-08 0.5196172E-08 0.5250481E-08 0.5289366E-08 0.5316547E-08 0.5335087E-08 0.5347302E-08 0.5355080E-08 0.5359889E-08 0.5362722E-08 0.5364337E-08
 0.1481371E+06 0.4915608E-08 0.5056842E-08 0.5159654E-08 0.5235118E-08 0.5290028E-08 0.5329345E-08 0.5356831E-08 0.5375578E-08 0.5387929E-08 0.5395795E-08 0.5400658E-08 0.5403525E-08 0.5405157E-08
 0.1440624E+06 0.4951658E-08 0.5094418E-08 0.5198360E-08 0.5274658E-08 0.5330184E-08 0.5369941E-08 0.5397736E-08 0.5416697E-08 0.5429187E-08 0.5437142E-08 0.5442062E-08 0.5444959E-08 0.5446611E-08
 0.1400996E+06 0.4988226E-08 0.5132542E-08 0.5237635E-08 0.5314788E-08 0.5370938E-08 0.5411148E-08 0.5439258E-08 0.5458435E-08 0.5471069E-08 0.5479115E-08 0.5484090E-08 0.5487021E-08 0.5488691E-08
 0.1362460E+06 0.5025306E-08 0.5171210E-08 0.5277473E-08 0.5355497E-08 0.5412285E-08 0.5452955E-08 0.5481389E-08 0.5500785E-08 0.5513565E-08 0.5521704E-08 0.5526738E-08 0.5529702E-08 0.5531392E-08
 0.1324983E+06 0.5062892E-08 0.5210411E-08 0.5317871E-08 0.5396782E-08 0.5454221E-08 0.5495359E-08 0.5524122E-08 0.5543743E-08 0.5556671E-08 0.5564905E-08 0.5569996E-08 0.5572995E-08 0.5574704E-08
 0.1288536E+06 0.5100983E-08 0.5250148E-08 0.5358825E-08 0.5438638E-08 0.5496741E-08 0.5538356E-08 0.5567453E-08 0.5587305E-08 0.5600385E-08 0.5608713E-08 0.5613866E-08 0.5616900E-08 0.5618629E-08
 0.1253093E+06 0.5139572E-08 0.5290413E-08 0.5400329E-08 0.5481063E-08 0.5539840E-08 0.5581942E-08 0.5611381E-08 0.5631467E-08 0.5644699E-08 0.5653128E-08 0.5658341E-08 0.5661411E-08 0.5663160E-08
 0.1218625E+06 0.5178660E-08 0.5331205E-08 0.5442383E-08 0.5524055E-08 0.5583520E-08 0.5626117E-08 0.5655905E-08 0.5676227E-08 0.5689618E-08 0.5698146E-08 0.5703420E-08 0.5706526E-08 0.5708297E-08
 0.1185103E+06 0.5218245E-08 0.5372525E-08 0.5484988E-08 0.5567613E-08 0.5627778E-08 0.5670880E-08 0.5701021E-08 0.5721586E-08 0.5735137E-08 0.5743767E-08 0.5749104E-08 0.5752247E-08 0.5754039E-08
 0.1152505E+06 0.5258327E-08 0.5414372E-08 0.5528141E-08 0.5611736E-08 0.5672613E-08 0.5716228E-08 0.5746730E-08 0.5767541E-08 0.5781255E-08 0.5789990E-08 0.5795392E-08 0.5798574E-08 0.5800387E-08
 0.1120804E+06 0.5298904E-08 0.5456745E-08 0.5571843E-08 0.5656427E-08 0.5718029E-08 0.5762167E-08 0.5793035E-08 0.5814099E-08 0.5827978E-08 0.5836817E-08 0.5842284E-08 0.5845504E-08 0.5847340E-08
 0.1089974E+06 0.5339980E-08 0.5499646E-08 0.5616096E-08 0.5701685E-08 0.5764025E-08 0.5808695E-08 0.5839936E-08 0.5861255E-08 0.5875303E-08 0.5884250E-08 0.5889784E-08 0.5893043E-08 0.5894901E-08
 0.1059992E+06 0.5381554E-08 0.5543077E-08 0.5660902E-08 0.5747513E-08 0.5810604E-08 0.5855815E-08 0.5887438E-08 0.5909015E-08 0.5923235E-08 0.5932293E-08 0.5937893E-08 0.5941192E-08 0.5943073E-08
 0.1030835E+06 0.5423631E-08 0.5587040E-08 0.5706264E-08 0.5793914E-08 0.5857768E-08 0.5903529E-08 0.5935539E-08 0.5957381E-08 0.5971776E-08 0.5980944E-08 0.5986615E-08 0.5989955E-08 0.5991859E-08
 0.1002481E+06 0.5466211E-08 0.5631538E-08 0.5752182E-08 0.5840891E-08 0.5905522E-08 0.5951843E-08 0.5984246E-08 0.6006357E-08 0.6020930E-08 0.6030212E-08 0.6035951E-08 0.6039334E-08 0.6041262E-08
 0.9749050E+05 0.5509296E-08 0.5676573E-08 0.5798665E-08 0.5888448E-08 0.5953870E-08 0.6000761E-08 0.6033563E-08 0.6055949E-08 0.6070702E-08 0.6080099E-08 0.6085910E-08 0.6089333E-08 0.6091285E-08
 0.9480886E+05 0.5552891E-08 0.5722151E-08 0.5845712E-08 0.5936589E-08 0.6002814E-08 0.6050284E-08 0.6083494E-08 0.6106158E-08 0.6121095E-08 0.6130610E-08 0.6136493E-08 0.6139959E-08 0.6141935E-08
 0.9220100E+05 0.5597002E-08 0.5768275E-08 0.5893331E-08 0.5985318E-08 0.6052360E-08 0.6100420E-08 0.6134043E-08 0.6156991E-08 0.6172115E-08 0.6181749E-08 0.6187708E-08 0.6191218E-08 0.6193218E-08
 0.8966479E+05 0.5641629E-08 0.5814949E-08 0.5941524E-08 0.6034644E-08 0.6102517E-08 0.6151176E-08 0.6185218E-08 0.6208456E-08 0.6223770E-08 0.6233524E-08 0.6239558E-08 0.6243112E-08 0.6245138E-08
 0.8719842E+05 0.5686779E-08 0.5862179E-08 0.5990298E-08 0.6084567E-08 0.6153285E-08 0.6202553E-08 0.6237024E-08 0.6260555E-08 0.6276063E-08 0.6285942E-08 0.6292051E-08 0.6295650E-08 0.6297701E-08
 0.8479989E+05 0.5732456E-08 0.5909970E-08 0.6039659E-08 0.6135097E-08 0.6204674E-08 0.6254562E-08 0.6289468E-08 0.6313297E-08 0.6329002E-08 0.6339007E-08 0.6345193E-08 0.6348838E-08 0.6350916E-08
 0.8246733E+05 0.5778666E-08 0.5958328E-08 0.6089612E-08 0.6186238E-08 0.6256689E-08 0.6307207E-08 0.6342556E-08 0.6366688E-08 0.6382594E-08 0.6392726E-08 0.6398992E-08 0.6402683E-08 0.6404787E-08
 0.8019888E+05 0.5825415E-08 0.6007261E-08 0.6140165E-08 0.6237998E-08 0.6309337E-08 0.6360496E-08 0.6396298E-08 0.6420737E-08 0.6436846E-08 0.6447108E-08 0.6453454E-08 0.6457195E-08 0.6459326E-08
 0.7799288E+05 0.5872706E-08 0.6056770E-08 0.6191324E-08 0.6290384E-08 0.6362628E-08 0.6414439E-08 0.6450697E-08 0.6475452E-08 0.6491768E-08 0.6502160E-08 0.6508590E-08 0.6512377E-08 0.6514536E-08
 0.7584756E+05 0.5920547E-08 0.6106865E-08 0.6243095E-08 0.6343404E-08 0.6416567E-08 0.6469040E-08 0.6505765E-08 0.6530838E-08 0.6547365E-08 0.6557892E-08 0.6564405E-08 0.6568241E-08 0.6570427E-08
 0.7376119E+05 0.5968946E-08 0.6157555E-08 0.6295487E-08 0.6397067E-08 0.6471161E-08 0.6524309E-08 0.6561509E-08 0.6586905E-08 0.6603646E-08 0.6614312E-08 0.6620908E-08 0.6624796E-08 0.6627011E-08
 0.7173228E+05 0.6017907E-08 0.6208844E-08 0.6348507E-08 0.6451377E-08 0.6526422E-08 0.6580255E-08 0.6617937E-08 0.6643663E-08 0.6660622E-08 0.6671427E-08 0.6678109E-08 0.6682045E-08 0.6684292E-08
 0.6975917E+05 0.6067436E-08 0.6260739E-08 0.6402164E-08 0.6506344E-08 0.6582355E-08 0.6636886E-08 0.6675058E-08 0.6701121E-08 0.6718300E-08 0.6729247E-08 0.6736018E-08 0.6740006E-08 0.6742280E-08
 0.6784028E+05 0.6117544E-08 0.6313251E-08 0.6456465E-08 0.6561980E-08 0.6638974E-08 0.6694212E-08 0.6732883E-08 0.6759288E-08 0.6776693E-08 0.6787783E-08 0.6794643E-08 0.6798684E-08 0.6800988E-08
 0.6597422E+05 0.6168236E-08 0.6366386E-08 0.6511419E-08 0.6618290E-08 0.6696281E-08 0.6752242E-08 0.6791420E-08 0.6818171E-08 0.6835807E-08 0.6847043E-08 0.6853995E-08 0.6858089E-08 0.6860423E-08
 0.6415950E+05 0.6219519E-08 0.6420152E-08 0.6567034E-08 0.6675285E-08 0.6754294E-08 0.6810986E-08 0.6850680E-08 0.6877786E-08 0.6895654E-08 0.6907039E-08 0.6914083E-08 0.6918231E-08 0.6920596E-08
 0.6239464E+05 0.6271404E-08 0.6474561E-08 0.6623320E-08 0.6732976E-08 0.6813016E-08 0.6870457E-08 0.6910675E-08 0.6938138E-08 0.6956246E-08 0.6967782E-08 0.6974917E-08 0.6979123E-08 0.6981520E-08
 0.6067838E+05 0.6323893E-08 0.6529616E-08 0.6680288E-08 0.6791370E-08 0.6872461E-08 0.6930661E-08 0.6971411E-08 0.6999242E-08 0.7017591E-08 0.7029280E-08 0.7036512E-08 0.7040772E-08 0.7043201E-08
 0.5900932E+05 0.6377001E-08 0.6585330E-08 0.6737945E-08 0.6850478E-08 0.6932637E-08 0.6991609E-08 0.7032902E-08 0.7061105E-08 0.7079700E-08 0.7091548E-08 0.7098876E-08 0.7103193E-08 0.7105654E-08
 0.5738617E+05 0.6430732E-08 0.6641712E-08 0.6796303E-08 0.6910311E-08 0.6993557E-08 0.7053314E-08 0.7095162E-08 0.7123741E-08 0.7142586E-08 0.7154594E-08 0.7162020E-08 0.7166395E-08 0.7168890E-08
 0.5580763E+05 0.6485099E-08 0.6698772E-08 0.6855372E-08 0.6970881E-08 0.7055232E-08 0.7115788E-08 0.7158196E-08 0.7187163E-08 0.7206262E-08 0.7218430E-08 0.7225959E-08 0.7230393E-08 0.7232922E-08
 0.5427256E+05 0.6540107E-08 0.6756519E-08 0.6915161E-08 0.7032196E-08 0.7117672E-08 0.7179041E-08 0.7222020E-08 0.7251379E-08 0.7270737E-08 0.7283070E-08 0.7290702E-08 0.7295197E-08 0.7297759E-08
 0.5277970E+05 0.6595767E-08 0.6814962E-08 0.6975682E-08 0.7094268E-08 0.7180889E-08 0.7243085E-08 0.7286646E-08 0.7316404E-08 0.7336026E-08 0.7348526E-08 0.7356262E-08 0.7360818E-08 0.7363416E-08
 0.5132787E+05 0.6652089E-08 0.6874115E-08 0.7036947E-08 0.7157110E-08 0.7244895E-08 0.7307932E-08 0.7352088E-08 0.7382249E-08 0.7402139E-08 0.7414813E-08 0.7422655E-08 0.7427273E-08 0.7429907E-08
 0.4991602E+05 0.6709081E-08 0.6933984E-08 0.7098964E-08 0.7220733E-08 0.7309705E-08 0.7373598E-08 0.7418354E-08 0.7448931E-08 0.7469094E-08 0.7481940E-08 0.7489889E-08 0.7494571E-08 0.7497241E-08
 0.4854300E+05 0.6766753E-08 0.6994582E-08 0.7161747E-08 0.7285152E-08 0.7375326E-08 0.7440091E-08 0.7485463E-08 0.7516457E-08 0.7536898E-08 0.7549923E-08 0.7557980E-08 0.7562727E-08 0.7565434E-08
 0.4720771E+05 0.6825119E-08 0.7055922E-08 0.7225310E-08 0.7350375E-08 0.7441775E-08 0.7507427E-08 0.7553423E-08 0.7584845E-08 0.7605568E-08 0.7618774E-08 0.7626945E-08 0.7631758E-08 0.7634502E-08
 0.4590919E+05 0.6884184E-08 0.7118012E-08 0.7289660E-08 0.7416419E-08 0.7509067E-08 0.7575621E-08 0.7622249E-08 0.7654109E-08 0.7675121E-08 0.7688508E-08 0.7696793E-08 0.7701673E-08 0.7704455E-08
 0.4464638E+05 0.6943962E-08 0.7180865E-08 0.7354813E-08 0.7483293E-08 0.7577210E-08 0.7644683E-08 0.7691958E-08 0.7724261E-08 0.7745566E-08 0.7759140E-08 0.7767540E-08 0.7772489E-08 0.7775310E-08
 0.4341831E+05 0.7004463E-08 0.7244494E-08 0.7420779E-08 0.7551010E-08 0.7646220E-08 0.7714627E-08 0.7762563E-08 0.7795315E-08 0.7816918E-08 0.7830685E-08 0.7839204E-08 0.7844221E-08 0.7847082E-08
 0.4222399E+05 0.7065698E-08 0.7308911E-08 0.7487578E-08 0.7619588E-08 0.7716114E-08 0.7785472E-08 0.7834079E-08 0.7867290E-08 0.7889196E-08 0.7903157E-08 0.7911796E-08 0.7916884E-08 0.7919786E-08
 0.4106255E+05 0.7127676E-08 0.7374125E-08 0.7555214E-08 0.7689040E-08 0.7786904E-08 0.7857232E-08 0.7906518E-08 0.7940199E-08 0.7962415E-08 0.7976574E-08 0.7985332E-08 0.7990492E-08 0.7993434E-08
 0.3993306E+05 0.7190414E-08 0.7440154E-08 0.7623707E-08 0.7759375E-08 0.7858605E-08 0.7929919E-08 0.7979899E-08 0.8014057E-08 0.8036588E-08 0.8050945E-08 0.8059830E-08 0.8065064E-08 0.8068048E-08
 0.3883461E+05 0.7253920E-08 0.7507008E-08 0.7693068E-08 0.7830615E-08 0.7931232E-08 0.8003550E-08 0.8054238E-08 0.8088881E-08 0.8111732E-08 0.8126294E-08 0.8135306E-08 0.8140614E-08 0.8143641E-08
 0.3776640E+05 0.7318206E-08 0.7574700E-08 0.7763311E-08 0.7902773E-08 0.8004800E-08 0.8078140E-08 0.8129551E-08 0.8164685E-08 0.8187863E-08 0.8202636E-08 0.8211774E-08 0.8217159E-08 0.8220229E-08
 0.3672758E+05 0.7383287E-08 0.7643246E-08 0.7834454E-08 0.7975859E-08 0.8079325E-08 0.8153706E-08 0.8205851E-08 0.8241488E-08 0.8264998E-08 0.8279983E-08 0.8289256E-08 0.8294718E-08 0.8297832E-08
 0.3571730E+05 0.7449172E-08 0.7712656E-08 0.7906507E-08 0.8049897E-08 0.8154826E-08 0.8230268E-08 0.8283160E-08 0.8319309E-08 0.8343159E-08 0.8358360E-08 0.8367764E-08 0.8373305E-08 0.8376464E-08
 0.3473484E+05 0.7515878E-08 0.7782949E-08 0.7979490E-08 0.8124897E-08 0.8231317E-08 0.8307839E-08 0.8361489E-08 0.8398163E-08 0.8422357E-08 0.8437776E-08 0.8447319E-08 0.8452941E-08 0.8456146E-08
 0.3377940E+05 0.7583415E-08 0.7854136E-08 0.8053415E-08 0.8200873E-08 0.8308815E-08 0.8386434E-08 0.8440862E-08 0.8478068E-08 0.8502611E-08 0.8518257E-08 0.8527939E-08 0.8533642E-08 0.8536894E-08
 0.3285024E+05 0.7651798E-08 0.7926233E-08 0.8128299E-08 0.8277849E-08 0.8387338E-08 0.8466076E-08 0.8521294E-08 0.8559042E-08 0.8583943E-08 0.8599818E-08 0.8609641E-08 0.8615428E-08 0.8618728E-08
 0.3194662E+05 0.7721040E-08 0.7999255E-08 0.8204159E-08 0.8355842E-08 0.8466903E-08 0.8546786E-08 0.8602805E-08 0.8641105E-08 0.8666374E-08 0.8682479E-08 0.8692447E-08 0.8698319E-08 0.8701667E-08
 0.3106788E+05 0.7791155E-08 0.8073217E-08 0.8281010E-08 0.8434862E-08 0.8547528E-08 0.8628574E-08 0.8685415E-08 0.8724274E-08 0.8749915E-08 0.8766261E-08 0.8776373E-08 0.8782331E-08 0.8785729E-08
 0.3021331E+05 0.7862160E-08 0.8148138E-08 0.8358873E-08 0.8514931E-08 0.8629231E-08 0.8711462E-08 0.8769138E-08 0.8808570E-08 0.8834590E-08 0.8851178E-08 0.8861443E-08 0.8867490E-08 0.8870938E-08
 0.2938222E+05 0.7934067E-08 0.8224032E-08 0.8437760E-08 0.8596071E-08 0.8712037E-08 0.8795474E-08 0.8854002E-08 0.8894018E-08 0.8920424E-08 0.8937258E-08 0.8947673E-08 0.8953813E-08 0.8957313E-08
 0.2857402E+05 0.8006891E-08 0.8300913E-08 0.8517692E-08 0.8678295E-08 0.8795958E-08 0.8880625E-08 0.8940020E-08 0.8980631E-08 0.9007432E-08 0.9024517E-08 0.9035087E-08 0.9041320E-08 0.9044871E-08
 0.2778804E+05 0.8080647E-08 0.8378800E-08 0.8598689E-08 0.8761624E-08 0.8881019E-08 0.8966937E-08 0.9027216E-08 0.9068437E-08 0.9095635E-08 0.9112977E-08 0.9123709E-08 0.9130032E-08 0.9133637E-08
 0.2702367E+05 0.8155354E-08 0.8457713E-08 0.8680763E-08 0.8846082E-08 0.8967235E-08 0.9054433E-08 0.9115614E-08 0.9157450E-08 0.9185060E-08 0.9202663E-08 0.9213554E-08 0.9219976E-08 0.9223635E-08
 0.2628034E+05 0.8231024E-08 0.8537666E-08 0.8763940E-08 0.8931682E-08 0.9054631E-08 0.9143131E-08 0.9205230E-08 0.9247697E-08 0.9275725E-08 0.9293594E-08 0.9304653E-08 0.9311169E-08 0.9314883E-08
 0.2555746E+05 0.8307674E-08 0.8618676E-08 0.8848237E-08 0.9018450E-08 0.9143229E-08 0.9233057E-08 0.9296088E-08 0.9339202E-08 0.9367655E-08 0.9385795E-08 0.9397019E-08 0.9403634E-08 0.9407405E-08
 0.2485446E+05 0.8385323E-08 0.8700766E-08 0.8933673E-08 0.9106403E-08 0.9233047E-08 0.9324228E-08 0.9388218E-08 0.9431983E-08 0.9460870E-08 0.9479288E-08 0.9490683E-08 0.9497399E-08 0.9501228E-08
 0.2417078E+05 0.8463989E-08 0.8783956E-08 0.9020271E-08 0.9195567E-08 0.9324112E-08 0.9416673E-08 0.9481633E-08 0.9526070E-08 0.9555399E-08 0.9574096E-08 0.9585670E-08 0.9592489E-08 0.9596377E-08
 0.2350592E+05 0.8543687E-08 0.8868261E-08 0.9108046E-08 0.9285957E-08 0.9416442E-08 0.9510409E-08 0.9576366E-08 0.9621481E-08 0.9651261E-08 0.9670249E-08 0.9681998E-08 0.9688926E-08 0.9692874E-08
 0.2285935E+05 0.8624434E-08 0.8953701E-08 0.9197028E-08 0.9377602E-08 0.9510063E-08 0.9605465E-08 0.9672434E-08 0.9718244E-08 0.9748484E-08 0.9767766E-08 0.9779701E-08 0.9786732E-08 0.9790742E-08
 0.2223055E+05 0.8706251E-08 0.9040298E-08 0.9287233E-08 0.9470524E-08 0.9605000E-08 0.9701865E-08 0.9769867E-08 0.9816387E-08 0.9847096E-08 0.9866678E-08 0.9878799E-08 0.9885939E-08 0.9890011E-08
 0.2161907E+05 0.8789154E-08 0.9128072E-08 0.9378684E-08 0.9564745E-08 0.9701276E-08 0.9799634E-08 0.9868689E-08 0.9915932E-08 0.9947120E-08 0.9967008E-08 0.9979318E-08 0.9986571E-08 0.9990706E-08
 0.2102440E+05 0.8873164E-08 0.9217045E-08 0.9471404E-08 0.9660290E-08 0.9798917E-08 0.9898797E-08 0.9968927E-08 0.1001691E-07 0.1004858E-07 0.1006878E-07 0.1008129E-07 0.1008865E-07 0.1009285E-07
 0.2044607E+05 0.8958301E-08 0.9307238E-08 0.9565417E-08 0.9757184E-08 0.9897953E-08 0.9999386E-08 0.1007061E-07 0.1011935E-07 0.1015152E-07 0.1017204E-07 0.1018474E-07 0.1019222E-07 0.1019649E-07
 0.1988367E+05 0.9044586E-08 0.9398676E-08 0.9660746E-08 0.9855455E-08 0.9998401E-08 0.1010142E-07 0.1017376E-07 0.1022326E-07 0.1025595E-07 0.1027679E-07 0.1028969E-07 0.1029729E-07 0.1030163E-07
 0.1933674E+05 0.9132033E-08 0.9491375E-08 0.9757419E-08 0.9955124E-08 0.1010029E-07 0.1020493E-07 0.1027841E-07 0.1032870E-07 0.1036190E-07 0.1038308E-07 0.1039618E-07 0.1040391E-07 0.1040831E-07
 0.1880485E+05 0.9220669E-08 0.9585367E-08 0.9855457E-08 0.1005622E-07 0.1020366E-07 0.1030994E-07 0.1038459E-07 0.1043568E-07 0.1046941E-07 0.1049093E-07 0.1050424E-07 0.1051209E-07 0.1051656E-07
 0.1828758E+05 0.9310517E-08 0.9680668E-08 0.9954891E-08 0.1015877E-07 0.1030853E-07 0.1041649E-07 0.1049233E-07 0.1054424E-07 0.1057851E-07 0.1060037E-07 0.1061390E-07 0.1062187E-07 0.1062642E-07
 0.1778455E+05 0.9401597E-08 0.9777310E-08 0.1005574E-07 0.1026280E-07 0.1041492E-07 0.1052460E-07 0.1060166E-07 0.1065440E-07 0.1068922E-07 0.1071143E-07 0.1072518E-07 0.1073329E-07 0.1073791E-07
 0.1729536E+05 0.9493927E-08 0.9875311E-08 0.1015804E-07 0.1036834E-07 0.1052288E-07 0.1063431E-07 0.1071260E-07 0.1076620E-07 0.1080159E-07 0.1082416E-07 0.1083813E-07 0.1084636E-07 0.1085106E-07
 0.1681961E+05 0.9587536E-08 0.9974701E-08 0.1026181E-07 0.1047543E-07 0.1063242E-07 0.1074565E-07 0.1082520E-07 0.1087967E-07 0.1091563E-07 0.1093857E-07 0.1095277E-07 0.1096114E-07 0.1096591E-07
 0.1635696E+05 0.9682447E-08 0.1007551E-07 0.1036709E-07 0.1058408E-07 0.1074359E-07 0.1085864E-07 0.1093949E-07 0.1099484E-07 0.1103140E-07 0.1105471E-07 0.1106914E-07 0.1107765E-07 0.1108250E-07
 0.1590704E+05 0.9778678E-08 0.1017775E-07 0.1047389E-07 0.1069434E-07 0.1085641E-07 0.1097333E-07 0.1105550E-07 0.1111176E-07 0.1114891E-07 0.1117261E-07 0.1118728E-07 0.1119592E-07 0.1120085E-07
 0.1546948E+05 0.9876262E-08 0.1028147E-07 0.1058226E-07 0.1080623E-07 0.1097092E-07 0.1108974E-07 0.1117326E-07 0.1123044E-07 0.1126821E-07 0.1129230E-07 0.1130722E-07 0.1131601E-07 0.1132102E-07
 0.1504396E+05 0.9975217E-08 0.1038668E-07 0.1069222E-07 0.1091978E-07 0.1108715E-07 0.1120792E-07 0.1129281E-07 0.1135094E-07 0.1138934E-07 0.1141383E-07 0.1142899E-07 0.1143793E-07 0.1144302E-07
 0.1463016E+05 0.1007557E-07 0.1049342E-07 0.1080381E-07 0.1103503E-07 0.1120514E-07 0.1132790E-07 0.1141419E-07 0.1147329E-07 0.1151233E-07 0.1153722E-07 0.1155264E-07 0.1156172E-07 0.1156690E-07
 0.1422773E+05 0.1017736E-07 0.1060171E-07 0.1091705E-07 0.1115202E-07 0.1132491E-07 0.1144970E-07 0.1153744E-07 0.1159752E-07 0.1163721E-07 0.1166253E-07 0.1167821E-07 0.1168744E-07 0.1169271E-07
 0.1383636E+05 0.1028060E-07 0.1071159E-07 0.1103198E-07 0.1127078E-07 0.1144652E-07 0.1157338E-07 0.1166259E-07 0.1172368E-07 0.1176404E-07 0.1178979E-07 0.1180572E-07 0.1181512E-07 0.1182047E-07
 0.1345577E+05 0.1038532E-07 0.1082309E-07 0.1114863E-07 0.1139134E-07 0.1156999E-07 0.1169898E-07 0.1178968E-07 0.1185181E-07 0.1189285E-07 0.1191903E-07 0.1193524E-07 0.1194479E-07 0.1195024E-07
 0.1308565E+05 0.1049155E-07 0.1093624E-07 0.1126704E-07 0.1151375E-07 0.1169537E-07 0.1182652E-07 0.1191875E-07 0.1198194E-07 0.1202368E-07 0.1205030E-07 0.1206679E-07 0.1207651E-07 0.1208205E-07
 0.1272570E+05 0.1059932E-07 0.1105107E-07 0.1138725E-07 0.1163803E-07 0.1182269E-07 0.1195606E-07 0.1204986E-07 0.1211412E-07 0.1215657E-07 0.1218366E-07 0.1220043E-07 0.1221032E-07 0.1221595E-07
 0.1237566E+05 0.1070867E-07 0.1116762E-07 0.1150929E-07 0.1176423E-07 0.1195200E-07 0.1208763E-07 0.1218304E-07 0.1224839E-07 0.1229158E-07 0.1231913E-07 0.1233619E-07 0.1234625E-07 0.1235198E-07
 0.1203525E+05 0.1081961E-07 0.1128592E-07 0.1163319E-07 0.1189240E-07 0.1208334E-07 0.1222128E-07 0.1231832E-07 0.1238481E-07 0.1242874E-07 0.1245677E-07 0.1247413E-07 0.1248436E-07 0.1249019E-07
 0.1170419E+05 0.1093218E-07 0.1140600E-07 0.1175901E-07 0.1202256E-07 0.1221675E-07 0.1235706E-07 0.1245577E-07 0.1252341E-07 0.1256811E-07 0.1259663E-07 0.1261428E-07 0.1262469E-07 0.1263063E-07
 0.1138225E+05 0.1104642E-07 0.1152791E-07 0.1188677E-07 0.1215477E-07 0.1235227E-07 0.1249500E-07 0.1259543E-07 0.1266424E-07 0.1270972E-07 0.1273874E-07 0.1275671E-07 0.1276730E-07 0.1277334E-07
 0.1106916E+05 0.1116237E-07 0.1165168E-07 0.1201652E-07 0.1228906E-07 0.1248995E-07 0.1263515E-07 0.1273734E-07 0.1280736E-07 0.1285364E-07 0.1288317E-07 0.1290145E-07 0.1291223E-07 0.1291838E-07
 0.1076468E+05 0.1128004E-07 0.1177735E-07 0.1214830E-07 0.1242548E-07 0.1262984E-07 0.1277758E-07 0.1288155E-07 0.1295281E-07 0.1299990E-07 0.1302996E-07 0.1304856E-07 0.1305953E-07 0.1306579E-07
 0.1046858E+05 0.1139948E-07 0.1190496E-07 0.1228215E-07 0.1256409E-07 0.1277200E-07 0.1292232E-07 0.1302813E-07 0.1310064E-07 0.1314857E-07 0.1317916E-07 0.1319810E-07 0.1320926E-07 0.1321563E-07
 0.1018062E+05 0.1152072E-07 0.1203455E-07 0.1241812E-07 0.1270491E-07 0.1291645E-07 0.1306942E-07 0.1317710E-07 0.1325092E-07 0.1329970E-07 0.1333083E-07 0.1335012E-07 0.1336148E-07 0.1336796E-07
 0.9900587E+04 0.1164381E-07 0.1216616E-07 0.1255626E-07 0.1284801E-07 0.1306326E-07 0.1321894E-07 0.1332854E-07 0.1340368E-07 0.1345334E-07 0.1348503E-07 0.1350466E-07 0.1351623E-07 0.1352283E-07
 0.9628248E+04 0.1176877E-07 0.1229984E-07 0.1269661E-07 0.1299344E-07 0.1321249E-07 0.1337094E-07 0.1348251E-07 0.1355899E-07 0.1360955E-07 0.1364182E-07 0.1366180E-07 0.1367358E-07 0.1368030E-07
 0.9363408E+04 0.1189566E-07 0.1243563E-07 0.1283921E-07 0.1314124E-07 0.1336417E-07 0.1352546E-07 0.1363904E-07 0.1371691E-07 0.1376839E-07 0.1380125E-07 0.1382160E-07 0.1383359E-07 0.1384044E-07
 0.9105852E+04 0.1202450E-07 0.1257356E-07 0.1298412E-07 0.1329147E-07 0.1351838E-07 0.1368257E-07 0.1379821E-07 0.1387750E-07 0.1392992E-07 0.1396338E-07 0.1398410E-07 0.1399632E-07 0.1400329E-07
 0.8855375E+04 0.1215534E-07 0.1271371E-07 0.1313140E-07 0.1344418E-07 0.1367516E-07 0.1384233E-07 0.1396008E-07 0.1404082E-07 0.1409421E-07 0.1412828E-07 0.1414938E-07 0.1416183E-07 0.1416892E-07
 0.8611794E+04 0.1228822E-07 0.1285610E-07 0.1328109E-07 0.1359944E-07 0.1383458E-07 0.1400480E-07 0.1412470E-07 0.1420694E-07 0.1426131E-07 0.1429601E-07 0.1431751E-07 0.1433018E-07 0.1433741E-07
 0.8374912E+04 0.1242319E-07 0.1300078E-07 0.1343324E-07 0.1375729E-07 0.1399670E-07 0.1417003E-07 0.1429215E-07 0.1437591E-07 0.1443129E-07 0.1446665E-07 0.1448854E-07 0.1450145E-07 0.1450881E-07
 0.8144541E+04 0.1256029E-07 0.1314783E-07 0.1358792E-07 0.1391780E-07 0.1416158E-07 0.1433810E-07 0.1446249E-07 0.1454781E-07 0.1460423E-07 0.1464025E-07 0.1466255E-07 0.1467571E-07 0.1468321E-07
 0.7920512E+04 0.1269956E-07 0.1329727E-07 0.1374518E-07 0.1408102E-07 0.1432928E-07 0.1450907E-07 0.1463579E-07 0.1472271E-07 0.1478019E-07 0.1481688E-07 0.1483961E-07 0.1485301E-07 0.1486065E-07
 0.7702646E+04 0.1284106E-07 0.1344916E-07 0.1390507E-07 0.1424703E-07 0.1449987E-07 0.1468302E-07 0.1481211E-07 0.1490067E-07 0.1495924E-07 0.1499664E-07 0.1501980E-07 0.1503345E-07 0.1504124E-07
 0.7490773E+04 0.1298483E-07 0.1360357E-07 0.1406766E-07 0.1441589E-07 0.1467342E-07 0.1486001E-07 0.1499154E-07 0.1508178E-07 0.1514147E-07 0.1517958E-07 0.1520318E-07 0.1521710E-07 0.1522503E-07
 0.7284721E+04 0.1313092E-07 0.1376055E-07 0.1423303E-07 0.1458767E-07 0.1485001E-07 0.1504012E-07 0.1517415E-07 0.1526612E-07 0.1532695E-07 0.1536579E-07 0.1538984E-07 0.1540402E-07 0.1541211E-07
 0.7084343E+04 0.1327939E-07 0.1392016E-07 0.1440122E-07 0.1476243E-07 0.1502970E-07 0.1522342E-07 0.1536002E-07 0.1545375E-07 0.1551575E-07 0.1555534E-07 0.1557986E-07 0.1559433E-07 0.1560257E-07
 0.6889477E+04 0.1343028E-07 0.1408245E-07 0.1457230E-07 0.1494025E-07 0.1521257E-07 0.1540999E-07 0.1554922E-07 0.1564476E-07 0.1570797E-07 0.1574833E-07 0.1577333E-07 0.1578807E-07 0.1579648E-07
 0.6699966E+04 0.1358366E-07 0.1424749E-07 0.1474635E-07 0.1512120E-07 0.1539870E-07 0.1559992E-07 0.1574184E-07 0.1583924E-07 0.1590369E-07 0.1594484E-07 0.1597033E-07 0.1598536E-07 0.1599393E-07
 0.6515673E+04 0.1373957E-07 0.1441535E-07 0.1492344E-07 0.1530535E-07 0.1558817E-07 0.1579328E-07 0.1593796E-07 0.1603728E-07 0.1610299E-07 0.1614495E-07 0.1617095E-07 0.1618627E-07 0.1619501E-07
 0.6336449E+04 0.1389808E-07 0.1458609E-07 0.1510363E-07 0.1549279E-07 0.1578107E-07 0.1599017E-07 0.1613768E-07 0.1623896E-07 0.1630597E-07 0.1634876E-07 0.1637527E-07 0.1639090E-07 0.1639982E-07
 0.6162150E+04 0.1405925E-07 0.1475978E-07 0.1528701E-07 0.1568361E-07 0.1597747E-07 0.1619066E-07 0.1634109E-07 0.1644438E-07 0.1651273E-07 0.1655637E-07 0.1658341E-07 0.1659935E-07 0.1660845E-07
 0.5992650E+04 0.1422314E-07 0.1493650E-07 0.1547366E-07 0.1587787E-07 0.1617746E-07 0.1639486E-07 0.1654829E-07 0.1665363E-07 0.1672334E-07 0.1676787E-07 0.1679546E-07 0.1681172E-07 0.1682100E-07
 0.5827813E+04 0.1438980E-07 0.1511631E-07 0.1566364E-07 0.1607568E-07 0.1638115E-07 0.1660286E-07 0.1675936E-07 0.1686682E-07 0.1693794E-07 0.1698337E-07 0.1701151E-07 0.1702810E-07 0.1703757E-07
 0.5667510E+04 0.1455932E-07 0.1529929E-07 0.1585706E-07 0.1627712E-07 0.1658862E-07 0.1681477E-07 0.1697440E-07 0.1708405E-07 0.1715662E-07 0.1720296E-07 0.1723168E-07 0.1724861E-07 0.1725827E-07
 0.5511612E+04 0.1473175E-07 0.1548551E-07 0.1605398E-07 0.1648227E-07 0.1679997E-07 0.1703067E-07 0.1719355E-07 0.1730542E-07 0.1737947E-07 0.1742678E-07 0.1745608E-07 0.1747336E-07 0.1748321E-07
 0.5360006E+04 0.1490717E-07 0.1567508E-07 0.1625452E-07 0.1669125E-07 0.1701531E-07 0.1725067E-07 0.1741688E-07 0.1753105E-07 0.1760662E-07 0.1765490E-07 0.1768482E-07 0.1770246E-07 0.1771252E-07
 0.5212571E+04 0.1508565E-07 0.1586805E-07 0.1645874E-07 0.1690414E-07 0.1723474E-07 0.1747490E-07 0.1764452E-07 0.1776105E-07 0.1783819E-07 0.1788748E-07 0.1791801E-07 0.1793602E-07 0.1794629E-07
 0.5069187E+04 0.1526725E-07 0.1606451E-07 0.1666677E-07 0.1712107E-07 0.1745837E-07 0.1770346E-07 0.1787660E-07 0.1799555E-07 0.1807430E-07 0.1812461E-07 0.1815578E-07 0.1817417E-07 0.1818465E-07
 0.4929751E+04 0.1545207E-07 0.1626457E-07 0.1687868E-07 0.1734212E-07 0.1768631E-07 0.1793647E-07 0.1811321E-07 0.1823465E-07 0.1831506E-07 0.1836644E-07 0.1839826E-07 0.1841703E-07 0.1842774E-07
 0.4794150E+04 0.1564017E-07 0.1646830E-07 0.1709458E-07 0.1756740E-07 0.1791868E-07 0.1817405E-07 0.1835448E-07 0.1847850E-07 0.1856061E-07 0.1861308E-07 0.1864558E-07 0.1866475E-07 0.1867569E-07
 0.4662276E+04 0.1583165E-07 0.1667581E-07 0.1731458E-07 0.1779705E-07 0.1815561E-07 0.1841632E-07 0.1860058E-07 0.1872722E-07 0.1881109E-07 0.1886468E-07 0.1889788E-07 0.1891746E-07 0.1892863E-07
 0.4534032E+04 0.1602658E-07 0.1688719E-07 0.1753880E-07 0.1803117E-07 0.1839720E-07 0.1866342E-07 0.1885160E-07 0.1898096E-07 0.1906663E-07 0.1912137E-07 0.1915528E-07 0.1917529E-07 0.1918670E-07
 0.4409317E+04 0.1622506E-07 0.1710256E-07 0.1776733E-07 0.1826988E-07 0.1864361E-07 0.1891548E-07 0.1910770E-07 0.1923985E-07 0.1932737E-07 0.1938330E-07 0.1941795E-07 0.1943840E-07 0.1945006E-07
 0.4288031E+04 0.1642717E-07 0.1732199E-07 0.1800030E-07 0.1851331E-07 0.1889495E-07 0.1917265E-07 0.1936903E-07 0.1950404E-07 0.1959347E-07 0.1965062E-07 0.1968604E-07 0.1970694E-07 0.1971885E-07
 0.4170079E+04 0.1663301E-07 0.1754562E-07 0.1823784E-07 0.1876160E-07 0.1915139E-07 0.1943508E-07 0.1963572E-07 0.1977370E-07 0.1986509E-07 0.1992350E-07 0.1995971E-07 0.1998106E-07 0.1999324E-07
 0.4055374E+04 0.1684268E-07 0.1777355E-07 0.1848006E-07 0.1901490E-07 0.1941305E-07 0.1970291E-07 0.1990794E-07 0.2004897E-07 0.2014239E-07 0.0000000E+00 0.0000000E+00 0.0000000E+00 0.0000000E+00
 0.3943825E+04 0.1705627E-07 0.1800591E-07 0.1872711E-07 0.1927332E-07 0.1968009E-07 0.1997629E-07 0.2018587E-07 0.0000000E+00 0.0000000E+00 0.0000000E+00 0.0000000E+00 0.0000000E+00 0.0000000E+00
 0.3835341E+04 0.1727390E-07 0.1824281E-07 0.1897912E-07 0.1953703E-07 0.1995267E-07 0.2025542E-07 0.0000000E+00 0.0000000E+00 0.0000000E+00 0.0000000E+00 0.0000000E+00 0.0000000E+00 0.0000000E+00
 0.3729844E+04 0.1749566E-07 0.1848437E-07 0.1923621E-07 0.1980619E-07 0.2023096E-07 0.0000000E+00 0.0000000E+00 0.0000000E+00 0.0000000E+00 0.0000000E+00 0.0000000E+00 0.0000000E+00 0.0000000E+00
 0.3627248E+04 0.1772168E-07 0.1873074E-07 0.1949856E-07 0.2008094E-07 0.2051511E-07 0.0000000E+00 0.0000000E+00 0.0000000E+00 0.0000000E+00 0.0000000E+00 0.0000000E+00 0.0000000E+00 0.0000000E+00
 0.3527472E+04 0.1795207E-07 0.1898204E-07 0.1976632E-07 0.2036145E-07 0.0000000E+00 0.0000000E+00 0.0000000E+00 0.0000000E+00 0.0000000E+00 0.0000000E+00 0.0000000E+00 0.0000000E+00 0.0000000E+00
 0.3430444E+04 0.1818694E-07 0.1923842E-07 0.2003962E-07 0.2064792E-07 0.0000000E+00 0.0000000E+00 0.0000000E+00 0.0000000E+00 0.0000000E+00 0.0000000E+00 0.0000000E+00 0.0000000E+00 0.0000000E+00
 0.3336084E+04 0.1842643E-07 0.1950003E-07 0.2031865E-07 0.0000000E+00 0.0000000E+00 0.0000000E+00 0.0000000E+00 0.0000000E+00 0.0000000E+00 0.0000000E+00 0.0000000E+00 0.0000000E+00 0.0000000E+00
 0.3244319E+04 0.1867066E-07 0.1976703E-07 0.2060358E-07 0.0000000E+00 0.0000000E+00 0.0000000E+00 0.0000000E+00 0.0000000E+00 0.0000000E+00 0.0000000E+00 0.0000000E+00 0.0000000E+00 0.0000000E+00
 0.3155077E+04 0.1891977E-07 0.2003955E-07 0.2089457E-07 0.0000000E+00 0.0000000E+00 0.0000000E+00 0.0000000E+00 0.0000000E+00 0.0000000E+00 0.0000000E+00 0.0000000E+00 0.0000000E+00 0.0000000E+00
 0.3068291E+04 0.1917392E-07 0.2031779E-07 0.2119183E-07 0.0000000E+00 0.0000000E+00 0.0000000E+00 0.0000000E+00 0.0000000E+00 0.0000000E+00 0.0000000E+00 0.0000000E+00 0.0000000E+00 0.0000000E+00
 0.2983893E+04 0.1943321E-07 0.2060189E-07 0.0000000E+00 0.0000000E+00 0.0000000E+00 0.0000000E+00 0.0000000E+00 0.0000000E+00 0.0000000E+00 0.0000000E+00 0.0000000E+00 0.0000000E+00 0.0000000E+00
 0.2901814E+04 0.1969784E-07 0.2089206E-07 0.0000000E+00 0.0000000E+00 0.0000000E+00 0.0000000E+00 0.0000000E+00 0.0000000E+00 0.0000000E+00 0.0000000E+00 0.0000000E+00 0.0000000E+00 0.0000000E+00
 0.2821995E+04 0.1996793E-07 0.2118847E-07 0.0000000E+00 0.0000000E+00 0.0000000E+00 0.0000000E+00 0.0000000E+00 0.0000000E+00 0.0000000E+00 0.0000000E+00 0.0000000E+00 0.0000000E+00 0.0000000E+00
 0.2744372E+04 0.2024367E-07 0.2149132E-07 0.0000000E+00 0.0000000E+00 0.0000000E+00 0.0000000E+00 0.0000000E+00 0.0000000E+00 0.0000000E+00 0.0000000E+00 0.0000000E+00 0.0000000E+00 0.0000000E+00
 0.2668881E+04 0.2052523E-07 0.0000000E+00 0.0000000E+00 0.0000000E+00 0.0000000E+00 0.0000000E+00 0.0000000E+00 0.0000000E+00 0.0000000E+00 0.0000000E+00 0.0000000E+00 0.0000000E+00 0.0000000E+00
 0.2595470E+04 0.2081276E-07 0.0000000E+00 0.0000000E+00 0.0000000E+00 0.0000000E+00 0.0000000E+00 0.0000000E+00 0.0000000E+00 0.0000000E+00 0.0000000E+00 0.0000000E+00 0.0000000E+00 0.0000000E+00
 0.2524077E+04 0.2110649E-07 0.0000000E+00 0.0000000E+00 0.0000000E+00 0.0000000E+00 0.0000000E+00 0.0000000E+00 0.0000000E+00 0.0000000E+00 0.0000000E+00 0.0000000E+00 0.0000000E+00 0.0000000E+00
 0.2454648E+04 0.2140658E-07 0.0000000E+00 0.0000000E+00 0.0000000E+00 0.0000000E+00 0.0000000E+00 0.0000000E+00 0.0000000E+00 0.0000000E+00 0.0000000E+00 0.0000000E+00 0.0000000E+00 0.0000000E+00
 0.2387127E+04 0.2171326E-07 0.0000000E+00 0.0000000E+00 0.0000000E+00 0.0000000E+00 0.0000000E+00 0.0000000E+00 0.0000000E+00 0.0000000E+00 0.0000000E+00 0.0000000E+00 0.0000000E+00 0.0000000E+00
 0.2321466E+04 0.2202671E-07 0.0000000E+00 0.0000000E+00 0.0000000E+00 0.0000000E+00 0.0000000E+00 0.0000000E+00 0.0000000E+00 0.0000000E+00 0.0000000E+00 0.0000000E+00 0.0000000E+00 0.0000000E+00
 0.2257610E+04 0.2234718E-07 0.0000000E+00 0.0000000E+00 0.0000000E+00 0.0000000E+00 0.0000000E+00 0.0000000E+00 0.0000000E+00 0.0000000E+00 0.0000000E+00 0.0000000E+00 0.0000000E+00 0.0000000E+00