1.000000000000000021e-02 1.111086111193691216e-07
2.000000000000000042e-02 8.888088920949437446e-07
2.999999999999999889e-02 2.999392554604246537e-06
4.000000000000000083e-02 7.108551520248910278e-06
5.000000000000000278e-02 1.388107833960215430e-05
6.000000000000000472e-02 2.398056698924448928e-05
6.999999999999999278e-02 3.806911417116167162e-05
8.000000000000000167e-02 5.680702124054613978e-05
8.999999999999999667e-02 8.085249688609551949e-05
9.999999999999999167e-02 1.108613606892507459e-04
1.100000000000000006e-01 1.474867476850535498e-04
1.199999999999999956e-01 1.913788140482445806e-04
1.300000000000000044e-01 2.431844440308287560e-04
1.400000000000000133e-01 3.035469582695072806e-04
1.500000000000000222e-01 3.731058235899306695e-04
1.600000000000000033e-01 4.524963644262365689e-04
1.700000000000000122e-01 5.423494759770700622e-04
1.800000000000000211e-01 6.432913392208936074e-04
1.900000000000000022e-01 7.559431379061705555e-04
2.000000000000000111e-01 8.809207776380236247e-04
2.100000000000000200e-01 1.018834607177698023e-03
2.200000000000000011e-01 1.170289142071101549e-03
2.300000000000000100e-01 1.335882790723408016e-03
2.400000000000000189e-01 1.516207583033242230e-03
2.500000000000000000e-01 1.711848901700694118e-03
2.600000000000000089e-01 1.923385216320991180e-03
2.700000000000000178e-01 2.151387820375313519e-03
2.800000000000000266e-01 2.396420571227993526e-03
2.900000000000000355e-01 2.659039633241226143e-03
2.999999999999999889e-01 2.939793224111116824e-03
3.099999999999999978e-01 3.239221364531832265e-03
3.200000000000000067e-01 3.557855631296622141e-03
3.300000000000000155e-01 3.896218913931585696e-03
3.400000000000000244e-01 4.254825174969193054e-03
3.500000000000000333e-01 4.634179213958590851e-03
3.600000000000000422e-01 5.034776435314264158e-03
3.699999999999999956e-01 5.457102620095156779e-03
3.800000000000000044e-01 5.901633701812481272e-03
3.900000000000000133e-01 6.368835546358199776e-03
4.000000000000000222e-01 6.859163736149700812e-03
4.100000000000000311e-01 7.373063358569297530e-03
4.200000000000000400e-01 7.910968798802354984e-03
4.299999999999999933e-01 8.473303537145895209e-03
4.400000000000000022e-01 9.060479950879137337e-03
4.500000000000000111e-01 9.672899120778157001e-03
4.600000000000000200e-01 1.031095064234892507e-02
4.700000000000000289e-01 1.097501244186379482e-02
4.800000000000000377e-01 1.166545059727608184e-02
4.899999999999999911e-01 1.238261916407965534e-02
5.000000000000000000e-01 1.312686000619631838e-02
5.100000000000000089e-01 1.389850263195433096e-02
5.200000000000000178e-01 1.469786403522061087e-02
5.300000000000000266e-01 1.552524854176801083e-02
5.400000000000000355e-01 1.638094766092099835e-02
5.500000000000000444e-01 1.726523994255425506e-02
5.600000000000000533e-01 1.817839083950116910e-02
5.700000000000000622e-01 1.912065257541829821e-02
5.800000000000000711e-01 2.009226401817534521e-02
5.899999999999999689e-01 2.109345055880852346e-02
5.999999999999999778e-01 2.212442399609498844e-02
6.099999999999999867e-01 2.318538242678954212e-02
6.199999999999999956e-01 2.427651014157347978e-02
6.300000000000000044e-01 2.539797752675169648e-02
6.400000000000000133e-01 2.654994097174333267e-02
6.500000000000000222e-01 2.773254278239729517e-02
6.600000000000000311e-01 2.894591110017207675e-02
6.700000000000000400e-01 3.019015982720852850e-02
6.800000000000000488e-01 3.146538855732761847e-02
6.900000000000000577e-01 3.277168251297787882e-02
7.000000000000000666e-01 3.410911248815942654e-02
7.100000000000000755e-01 3.547773479734395163e-02
7.199999999999999734e-01 3.687759123041355752e-02
7.299999999999999822e-01 3.830870901363084974e-02
7.399999999999999911e-01 3.977110077665968468e-02
7.500000000000000000e-01 4.126476452564373926e-02
7.600000000000000089e-01 4.278968362235542611e-02
7.700000000000000178e-01 4.434582676942029622e-02
7.800000000000000266e-01 4.593314800162073136e-02
7.900000000000000355e-01 4.755158668328180599e-02
8.000000000000000444e-01 4.920106751173781295e-02
8.100000000000000533e-01 5.088150052687461650e-02
8.200000000000000622e-01 5.259278112674273253e-02
8.300000000000000711e-01 5.433479008923399606e-02
8.400000000000000799e-01 5.610739359980702889e-02
8.499999999999999778e-01 5.791044328525053742e-02
8.599999999999999867e-01 5.974377625346743992e-02
8.699999999999999956e-01 6.160721513926013804e-02
8.800000000000000044e-01 6.350056815609722571e-02
8.900000000000000133e-01 6.542362915383537203e-02
9.000000000000000222e-01 6.737617768237307014e-02
9.100000000000000311e-01 6.935797906120554079e-02
9.200000000000000400e-01 7.136878445484698408e-02
9.300000000000000488e-01 7.340833095409317333e-02
9.400000000000000577e-01 7.547634166308413162e-02
9.500000000000000666e-01 7.757252579212356447e-02
9.600000000000000755e-01 7.969657875622465637e-02
9.699999999999999734e-01 8.184818227933053636e-02
9.799999999999999822e-01 8.402700450416651645e-02
9.899999999999999911e-01 8.623270010767626614e-02
1.000000000000000000e+00 8.846491042199096377e-02
1.010000000000000009e+00 9.072326356087974386e-02
1.020000000000000018e+00 9.300737455162540190e-02
1.030000000000000027e+00 9.531684547226751403e-02
1.040000000000000036e+00 9.765126559415791829e-02
1.050000000000000044e+00 1.000102115297597516e-01
1.060000000000000053e+00 1.023932473856351416e-01
1.070000000000000062e+00 1.047999249205465166e-01
1.080000000000000071e+00 1.072297837086120809e-01
1.090000000000000080e+00 1.096823513074397238e-01
1.100000000000000089e+00 1.121571434311690735e-01
1.110000000000000098e+00 1.146536641283494307e-01
1.120000000000000107e+00 1.171714059645754119e-01
1.130000000000000115e+00 1.197098502098027789e-01
1.140000000000000124e+00 1.222684670302649351e-01
1.150000000000000133e+00 1.248467156849103754e-01
1.160000000000000142e+00 1.274440447262735199e-01
1.169999999999999929e+00 1.300598922056969697e-01
1.179999999999999938e+00 1.326936858828194066e-01
1.189999999999999947e+00 1.353448434392316435e-01
1.199999999999999956e+00 1.380127726962277201e-01
1.209999999999999964e+00 1.406968718365371462e-01
1.219999999999999973e+00 1.433965296299645753e-01
1.229999999999999982e+00 1.461111256628273292e-01
1.239999999999999991e+00 1.488400305711058413e-01
1.250000000000000000e+00 1.515826062771973293e-01
1.260000000000000009e+00 1.543382062301825730e-01
1.270000000000000018e+00 1.571061756495010509e-01
1.280000000000000027e+00 1.598858517719317085e-01
1.290000000000000036e+00 1.626765641017777764e-01
1.300000000000000044e+00 1.654776346641475826e-01
1.310000000000000053e+00 1.682883782612334678e-01
1.320000000000000062e+00 1.711081027314673153e-01
1.330000000000000071e+00 1.739361092114651564e-01
1.340000000000000080e+00 1.767716924006272061e-01
1.350000000000000089e+00 1.796141408283060403e-01
1.360000000000000098e+00 1.824627371234161521e-01
1.370000000000000107e+00 1.853167582863808616e-01
1.380000000000000115e+00 1.881754759633008367e-01
1.390000000000000124e+00 1.910381567222306232e-01
1.400000000000000133e+00 1.939040623314474687e-01
1.410000000000000142e+00 1.967724500396034748e-01
1.419999999999999929e+00 1.996425728576369796e-01
1.429999999999999938e+00 2.025136798423309570e-01
1.439999999999999947e+00 2.053850163814035790e-01
1.449999999999999956e+00 2.082558244800080949e-01
1.459999999999999964e+00 2.111253430485297011e-01
1.469999999999999973e+00 2.139928081915561942e-01
1.479999999999999982e+00 2.168574534979085811e-01
1.489999999999999991e+00 2.197185103316083021e-01
1.500000000000000000e+00 2.225752081236637703e-01
1.510000000000000009e+00 2.254267746645611803e-01
1.520000000000000018e+00 2.282724363973276660e-01
1.530000000000000027e+00 2.311114187110634433e-01
1.540000000000000036e+00 2.339429462348109612e-01
1.550000000000000044e+00 2.367662431316462368e-01
1.560000000000000053e+00 2.395805333928731351e-01
1.570000000000000062e+00 2.423850411321987752e-01
1.580000000000000071e+00 2.451789908797741280e-01
1.590000000000000080e+00 2.479616078759768749e-01
1.600000000000000089e+00 2.507321183648199003e-01
1.610000000000000098e+00 2.534897498868696752e-01
1.620000000000000107e+00 2.562337315715466080e-01
1.630000000000000115e+00 2.589632944287039162e-01
1.640000000000000124e+00 2.616776716393549029e-01
1.650000000000000133e+00 2.643760988454394445e-01
1.660000000000000142e+00 2.670578144385089558e-01
1.670000000000000151e+00 2.697220598472203634e-01
1.679999999999999938e+00 2.723680798235171840e-01
1.689999999999999947e+00 2.749951227273852439e-01
1.699999999999999956e+00 2.776024408100748464e-01
1.709999999999999964e+00 2.801892904956699293e-01
1.719999999999999973e+00 2.827549326608960190e-01
1.729999999999999982e+00 2.852986329130541843e-01
1.739999999999999991e+00 2.878196618659750738e-01
1.750000000000000000e+00 2.903172954138749096e-01
1.760000000000000009e+00 2.927908150030205658e-01
1.770000000000000018e+00 2.952395079010770584e-01
1.780000000000000027e+00 2.976626674640530101e-01
1.790000000000000036e+00 3.000595934007200261e-01
1.800000000000000044e+00 3.024295920344159394e-01
1.810000000000000053e+00 3.047719765621275667e-01
1.820000000000000062e+00 3.070860673107417282e-01
1.830000000000000071e+00 3.093711919903813778e-01
1.840000000000000080e+00 3.116266859447151538e-01
1.850000000000000089e+00 3.138518923981500897e-01
1.860000000000000098e+00 3.160461626998134488e-01
1.870000000000000107e+00 3.182088565642197109e-01
1.880000000000000115e+00 3.203393423085474923e-01
1.890000000000000124e+00 3.224369970864179868e-01
1.900000000000000133e+00 3.245012071180963242e-01
1.910000000000000142e+00 3.265313679170309125e-01
1.920000000000000151e+00 3.285268845126269044e-01
1.929999999999999938e+00 3.304871716691963335e-01
1.939999999999999947e+00 3.324116541009793924e-01
1.949999999999999956e+00 3.342997666831687420e-01
1.959999999999999964e+00 3.361509546588525854e-01
1.969999999999999973e+00 3.379646738418034535e-01
1.979999999999999982e+00 3.397403908150339880e-01
1.989999999999999991e+00 3.414775831250447813e-01
2.000000000000000000e+00 3.431757394717021570e-01
2.009999999999999787e+00 3.448343598936621790e-01
2.020000000000000018e+00 3.464529559492883770e-01
2.029999999999999805e+00 3.480310508929839175e-01
2.040000000000000036e+00 3.495681798468844304e-01
2.049999999999999822e+00 3.510638899678454883e-01
2.059999999999999609e+00 3.525177406096672850e-01
2.069999999999999840e+00 3.539293034804963933e-01
2.079999999999999627e+00 3.552981627953496480e-01
2.089999999999999858e+00 3.566239154237146325e-01
2.099999999999999645e+00 3.579061710321612688e-01
2.109999999999999876e+00 3.591445522219278708e-01
2.119999999999999662e+00 3.603386946614322572e-01
2.129999999999999893e+00 3.614882472136554670e-01
2.139999999999999680e+00 3.625928720583704856e-01
2.149999999999999911e+00 3.636522448091596971e-01
2.159999999999999698e+00 3.646660546251943580e-01
2.169999999999999929e+00 3.656340043177381816e-01
2.179999999999999716e+00 3.665558104513341742e-01
2.189999999999999947e+00 3.674312034396581828e-01
2.199999999999999734e+00 3.682599276359938001e-01
2.209999999999999964e+00 3.690417414183106426e-01
2.219999999999999751e+00 3.697764172689284035e-01
2.229999999999999982e+00 3.704637418487221612e-01
2.239999999999999769e+00 3.711035160658798793e-01
2.250000000000000000e+00 3.716955551391639134e-01
2.259999999999999787e+00 3.722396886556864626e-01
2.270000000000000018e+00 3.727357606231671006e-01
2.279999999999999805e+00 3.731836295166746087e-01
2.290000000000000036e+00 3.735831683198382325e-01
2.299999999999999822e+00 3.739342645605225335e-01
2.310000000000000053e+00 3.742368203409657257e-01
2.319999999999999840e+00 3.744907523623743906e-01
2.329999999999999627e+00 3.746959919439798448e-01
2.339999999999999858e+00 3.748524850365609895e-01
2.349999999999999645e+00 3.749601922304277024e-01
2.359999999999999876e+00 3.750190887578877530e-01
2.369999999999999662e+00 3.750291644901951882e-01
2.379999999999999893e+00 3.749904239289982288e-01
2.389999999999999680e+00 3.749028861922990563e-01
2.399999999999999911e+00 3.747665849949399219e-01
2.409999999999999698e+00 3.745815686236403375e-01
2.419999999999999929e+00 3.743478999065983914e-01
2.429999999999999716e+00 3.740656561776832256e-01
2.439999999999999947e+00 3.737349292352493690e-01
2.449999999999999734e+00 3.733558252955849754e-01
2.459999999999999964e+00 3.729284649410430363e-01
2.469999999999999751e+00 3.724529830628701688e-01
2.479999999999999982e+00 3.719295287987758325e-01
2.489999999999999769e+00 3.713582654652782256e-01
2.500000000000000000e+00 3.707393704848570559e-01
2.509999999999999787e+00 3.700730353079640378e-01
2.520000000000000018e+00 3.693594653299210329e-01
2.529999999999999805e+00 3.685988798027599045e-01
2.540000000000000036e+00 3.677915117420441637e-01
2.549999999999999822e+00 3.669376078287217569e-01
2.560000000000000053e+00 3.660374283060587874e-01
2.569999999999999840e+00 3.650912468717046888e-01
2.579999999999999627e+00 3.640993505649437467e-01
2.589999999999999858e+00 3.630620396491900936e-01
2.599999999999999645e+00 3.619796274897739696e-01
2.609999999999999876e+00 3.608524404270934127e-01
2.619999999999999662e+00 3.596808176451772865e-01
2.629999999999999893e+00 3.584651110357294779e-01
2.639999999999999680e+00 3.572056850577198239e-01
2.649999999999999911e+00 3.559029165925796101e-01
2.659999999999999698e+00 3.545571947950783009e-01
2.669999999999999929e+00 3.531689209399431206e-01
2.679999999999999716e+00 3.517385082642965344e-01
2.689999999999999947e+00 3.502663818059785217e-01
2.699999999999999734e+00 3.487529782378349097e-01
2.709999999999999964e+00 3.471987456980396014e-01
2.719999999999999751e+00 3.456041436165272485e-01
2.729999999999999982e+00 3.439696425376199129e-01
2.739999999999999769e+00 3.422957239389227690e-01
2.750000000000000000e+00 3.405828800465656725e-01
2.759999999999999787e+00 3.388316136468810247e-01
2.770000000000000018e+00 3.370424378945934829e-01
2.779999999999999805e+00 3.352158761176066148e-01
2.790000000000000036e+00 3.333524616184748712e-01
2.799999999999999822e+00 3.314527374726460862e-01
2.810000000000000053e+00 3.295172563235569396e-01
2.819999999999999840e+00 3.275465801746793026e-01
2.829999999999999627e+00 3.255412801785977361e-01
2.839999999999999858e+00 3.235019364232141204e-01
2.849999999999999645e+00 3.214291377151671791e-01
2.859999999999999876e+00 3.193234813605630995e-01
2.869999999999999662e+00 3.171855729431062865e-01
2.879999999999999893e+00 3.150160260997265094e-01
2.889999999999999680e+00 3.128154622937941443e-01
2.899999999999999911e+00 3.105845105860238209e-01
2.909999999999999698e+00 3.083238074031579568e-01
2.919999999999999929e+00 3.060339963045257128e-01
2.929999999999999716e+00 3.037157277465811767e-01
2.939999999999999947e+00 3.013696588455099801e-01
2.949999999999999734e+00 2.989964531380094881e-01
2.959999999999999964e+00 2.965967803403357084e-01
2.969999999999999751e+00 2.941713161057195602e-01
2.979999999999999982e+00 2.917207417802515357e-01
2.989999999999999769e+00 2.892457441573311749e-01
3.000000000000000000e+00 2.867470152307851627e-01
3.009999999999999787e+00 2.842252519467541316e-01
3.020000000000000018e+00 2.816811559544435406e-01
3.029999999999999805e+00 2.791154333558452660e-01
3.040000000000000036e+00 2.765287944545273269e-01
3.049999999999999822e+00 2.739219535035943842e-01
3.060000000000000053e+00 2.712956284529159934e-01
3.069999999999999840e+00 2.686505406957271358e-01
3.080000000000000071e+00 2.659874148147005624e-01
3.089999999999999858e+00 2.633069783275911457e-01
3.099999999999999645e+00 2.606099614325520508e-01
3.109999999999999876e+00 2.578970967532240866e-01
3.119999999999999662e+00 2.551691190836978818e-01
3.129999999999999893e+00 2.524267651334463070e-01
3.139999999999999680e+00 2.496707732723325857e-01
3.149999999999999911e+00 2.469018832757848281e-01
3.159999999999999698e+00 2.441208360702424862e-01
3.169999999999999929e+00 2.413283734789694601e-01
3.179999999999999716e+00 2.385252379683325263e-01
3.189999999999999947e+00 2.357121723946414282e-01
3.199999999999999734e+00 2.328899197516497432e-01
3.209999999999999964e+00 2.300592229188090365e-01
3.219999999999999751e+00 2.272208244103744446e-01
3.229999999999999982e+00 2.243754661254556415e-01
3.239999999999999769e+00 2.215238890991061138e-01
3.250000000000000000e+00 2.186668332545467219e-01
3.259999999999999787e+00 2.158050371566136161e-01
3.270000000000000018e+00 2.129392377665216274e-01
3.279999999999999805e+00 2.100701701980382807e-01
3.290000000000000036e+00 2.071985674751526119e-01
3.299999999999999822e+00 2.043251602913333242e-01
3.310000000000000053e+00 2.014506767704594137e-01
3.319999999999999840e+00 1.985758422295150760e-01
3.330000000000000071e+00 1.957013789431302220e-01
3.339999999999999858e+00 1.928280059100564436e-01
3.349999999999999645e+00 1.899564386216581469e-01
3.359999999999999876e+00 1.870873888325046419e-01
3.369999999999999662e+00 1.842215643331438224e-01
3.379999999999999893e+00 1.813596687251361195e-01
3.389999999999999680e+00 1.785024011984329417e-01
3.399999999999999911e+00 1.756504563111709882e-01
3.409999999999999698e+00 1.728045237719654237e-01
3.419999999999999929e+00 1.699652882247730534e-01
3.429999999999999716e+00 1.671334290364021868e-01
3.439999999999999947e+00 1.643096200867405210e-01
3.449999999999999734e+00 1.614945295617739862e-01
3.459999999999999964e+00 1.586888197494641106e-01
3.469999999999999751e+00 1.558931468385566788e-01
3.479999999999999982e+00 1.531081607203836903e-01
3.489999999999999769e+00 1.503345047937284518e-01
3.500000000000000000e+00 1.475728157728166401e-01
3.509999999999999787e+00 1.448237234984960375e-01
3.520000000000000018e+00 1.420878507526644463e-01
3.529999999999999805e+00 1.393658130760102865e-01
3.540000000000000036e+00 1.366582185891170864e-01
3.549999999999999822e+00 1.339656678169952597e-01
3.560000000000000053e+00 1.312887535170899345e-01
3.569999999999999840e+00 1.286280605108234276e-01
3.580000000000000071e+00 1.259841655187195208e-01
3.589999999999999858e+00 1.233576369991631477e-01
3.599999999999999645e+00 1.207490349908401372e-01
3.609999999999999876e+00 1.181589109589074454e-01
3.619999999999999662e+00 1.155878076449362302e-01
3.629999999999999893e+00 1.130362589206704571e-01
3.639999999999999680e+00 1.105047896456463757e-01
3.649999999999999911e+00 1.079939155287071850e-01
3.659999999999999698e+00 1.055041429934554242e-01
3.669999999999999929e+00 1.030359690476769369e-01
3.679999999999999716e+00 1.005898811567722123e-01
3.689999999999999947e+00 9.816635712122581681e-02
3.699999999999999734e+00 9.576586495814870537e-02
3.709999999999999964e+00 9.338886278691746479e-02
3.719999999999999751e+00 9.103579871894311448e-02
3.729999999999999982e+00 8.870711075159078141e-02
3.739999999999999769e+00 8.640322666627769932e-02
3.750000000000000000e+00 8.412456393076793437e-02
3.759999999999999787e+00 8.187152960568808147e-02
3.770000000000000018e+00 7.964452025527875290e-02
3.779999999999999805e+00 7.744392186240077469e-02
3.790000000000000036e+00 7.527010974781037089e-02
3.799999999999999822e+00 7.312344849371672784e-02
3.810000000000000053e+00 7.100429187163177780e-02
3.819999999999999840e+00 6.891298277452406751e-02
3.830000000000000071e+00 6.684985315328242916e-02
3.839999999999999858e+00 6.481522395749669818e-02
3.849999999999999645e+00 6.280940508055854465e-02
3.859999999999999876e+00 6.083269530908577000e-02
3.869999999999999662e+00 5.888538227667063779e-02
3.879999999999999893e+00 5.696774242195005999e-02
3.889999999999999680e+00 5.508004095099645891e-02
3.899999999999999911e+00 5.322253180402278239e-02
3.909999999999999698e+00 5.139545762639739779e-02
3.919999999999999929e+00 4.959904974395906024e-02
3.929999999999999716e+00 4.783352814262334385e-02
3.939999999999999947e+00 4.609910145226833733e-02
3.949999999999999734e+00 4.439596693488710721e-02
3.959999999999999964e+00 4.272431047699176698e-02
3.969999999999999751e+00 4.108430658625262383e-02
3.979999999999999982e+00 3.947611839235437570e-02
3.989999999999999769e+00 3.789989765205040162e-02
4.000000000000000000e+00 3.635578475839180979e-02
4.009999999999999787e+00 3.484390875411094018e-02
4.019999999999999574e+00 3.336438734913234339e-02
4.030000000000000249e+00 3.191732694218707422e-02
4.040000000000000036e+00 3.050282264650185093e-02
4.049999999999999822e+00 2.912095831953303085e-02
4.059999999999999609e+00 2.777180659671674851e-02
4.070000000000000284e+00 2.645542892920163536e-02
4.080000000000000071e+00 2.517187562553103303e-02
4.089999999999999858e+00 2.392118589723887107e-02
4.099999999999999645e+00 2.270338790832437947e-02
4.109999999999999432e+00 2.151849882856606347e-02
4.120000000000000107e+00 2.036652489063649901e-02
4.129999999999999893e+00 1.924746145097778333e-02
4.139999999999999680e+00 1.816129305439428618e-02
4.149999999999999467e+00 1.710799350232083960e-02
4.160000000000000142e+00 1.608752592472126319e-02
4.169999999999999929e+00 1.509984285557170250e-02
4.179999999999999716e+00 1.414488631188083080e-02
4.189999999999999503e+00 1.322258787620008910e-02
4.200000000000000178e+00 1.233286878257338140e-02
4.209999999999999964e+00 1.147564000587663474e-02
4.219999999999999751e+00 1.065080235449410162e-02
4.229999999999999538e+00 9.858246566280325779e-03
4.240000000000000213e+00 9.097853407752522215e-03
4.250000000000000000e+00 8.369493776459326073e-03
4.259999999999999787e+00 7.673028806469054872e-03
4.269999999999999574e+00 7.008309976921545288e-03
4.280000000000000249e+00 6.375179223584944745e-03
4.290000000000000036e+00 5.773469053359074794e-03
4.299999999999999822e+00 5.203002661664976256e-03
4.309999999999999609e+00 4.663594052660861855e-03
4.320000000000000284e+00 4.155048162222395834e-03
4.330000000000000071e+00 3.677160983625432904e-03
4.339999999999999858e+00 3.229719695867555671e-03
4.349999999999999645e+00 2.812502794565404068e-03
4.360000000000000320e+00 2.425280225362641453e-03
4.370000000000000107e+00 2.067813519783698230e-03
4.379999999999999893e+00 1.739855933466951960e-03
4.389999999999999680e+00 1.441152586711422949e-03
4.399999999999999467e+00 1.171440607269402454e-03
4.410000000000000142e+00 9.304492753174860081e-04
4.419999999999999929e+00 7.179001705378775964e-04
4.429999999999999716e+00 5.335073212409239575e-04
4.439999999999999503e+00 3.769773554600992544e-04
4.450000000000000178e+00 2.480096539494545818e-04
4.459999999999999964e+00 1.462965050136650789e-04
4.469999999999999751e+00 7.152326110005647849e-05
4.479999999999999538e+00 2.336849708204757548e-05
4.490000000000000213e+00 1.504170162730338390e-06
4.500000000000000000e+00 5.595781327277394383e-06
4.509999999999999787e+00 3.530253827250412637e-05
4.519999999999999574e+00 9.027751974175838288e-05
4.530000000000000249e+00 1.701678411930606684e-04
4.540000000000000036e+00 2.746148217282509923e-04
4.549999999999999822e+00 4.032541522109092669e-04
4.559999999999999609e+00 5.557160645004771606e-04
4.570000000000000284e+00 7.316255017301855719e-04
4.580000000000000071e+00 9.306022895561302582e-04
4.589999999999999858e+00 1.152261308305179907e-03
4.599999999999999645e+00 1.396212665948908188e-03
4.610000000000000320e+00 1.662061871831326584e-03
4.620000000000000107e+00 1.949410011077833908e-03
4.629999999999999893e+00 2.257853919613479754e-03
4.639999999999999680e+00 2.586986359717961467e-03
4.649999999999999467e+00 2.936396196045804128e-03
4.660000000000000142e+00 3.305668572039852440e-03
4.669999999999999929e+00 3.694385086666427190e-03
4.679999999999999716e+00 4.102123971401403814e-03
4.689999999999999503e+00 4.528460267395668752e-03
4.700000000000000178e+00 4.972966002749745415e-03
4.709999999999999964e+00 5.435210369827065888e-03
4.719999999999999751e+00 5.914759902536446956e-03
4.729999999999999538e+00 6.411178653513629512e-03
4.740000000000000213e+00 6.924028371133390120e-03
4.750000000000000000e+00 7.452868676283105551e-03
4.759999999999999787e+00 7.997257238830468226e-03
4.769999999999999574e+00 8.556749953716689602e-03
4.780000000000000249e+00 9.130901116608998794e-03
4.790000000000000036e+00 9.719263599045247989e-03
4.799999999999999822e+00 1.032138902300555952e-02
4.809999999999999609e+00 1.093682793484467876e-02
4.820000000000000284e+00 1.156512997852108746e-02
4.830000000000000071e+00 1.220584406805842910e-02
4.839999999999999858e+00 1.285851855917648397e-02
4.849999999999999645e+00 1.352270142002820995e-02
4.860000000000000320e+00 1.419794040098171228e-02
4.870000000000000107e+00 1.488378320338524033e-02
4.879999999999999893e+00 1.557977764725594974e-02
4.889999999999999680e+00 1.628547183783141117e-02
4.899999999999999467e+00 1.700041433092605928e-02
4.910000000000000142e+00 1.772415429703453824e-02
4.919999999999999929e+00 1.845624168412399527e-02
4.929999999999999716e+00 1.919622737906068188e-02
4.939999999999999503e+00 1.994366336761375577e-02
4.950000000000000178e+00 2.069810289298306197e-02
4.959999999999999964e+00 2.145910061279657569e-02
4.969999999999999751e+00 2.222621275452605141e-02
4.979999999999999538e+00 2.299899726926770555e-02
4.990000000000000213e+00 2.377701398383884335e-02
5.000000000000000000e+00 2.455982475113923855e-02
5.009999999999999787e+00 2.534699359873057722e-02
5.019999999999999574e+00 2.613808687558430779e-02
5.030000000000000249e+00 2.693267339695263121e-02
5.040000000000000036e+00 2.773032458731628305e-02
5.049999999999999822e+00 2.853061462136600654e-02
5.059999999999999609e+00 2.933312056297244022e-02
5.070000000000000284e+00 3.013742250210323451e-02
5.080000000000000071e+00 3.094310368964611063e-02
5.089999999999999858e+00 3.174975067009785934e-02
5.099999999999999645e+00 3.255695341207950205e-02
5.110000000000000320e+00 3.336430543664093556e-02
5.120000000000000107e+00 3.417140394331676795e-02
5.129999999999999893e+00 3.497784993390006675e-02
5.139999999999999680e+00 3.578324833389691373e-02
5.149999999999999467e+00 3.658720811163083259e-02
5.160000000000000142e+00 3.738934239496331802e-02
5.169999999999999929e+00 3.818926858560039300e-02
5.179999999999999716e+00 3.898660847095595378e-02
5.189999999999999503e+00 3.978098833354165587e-02
5.200000000000000178e+00 4.057203905785788239e-02
5.209999999999999964e+00 4.135939623475813620e-02
5.219999999999999751e+00 4.214270026326335378e-02
5.229999999999999538e+00 4.292159644980078625e-02
5.240000000000000213e+00 4.369573510484633938e-02
5.250000000000000000e+00 4.446477163694760593e-02
5.259999999999999787e+00 4.522836664410948698e-02
5.269999999999999574e+00 4.598618600252075972e-02
5.280000000000000249e+00 4.673790095260677707e-02
5.290000000000000036e+00 4.748318818238896066e-02
5.299999999999999822e+00 4.822172990813859000e-02
5.309999999999999609e+00 4.895321395230861627e-02
5.320000000000000284e+00 4.967733381873161436e-02
5.330000000000000071e+00 5.039378876507177168e-02
5.339999999999999858e+00 5.110228387252149090e-02
5.349999999999999645e+00 5.180253011273182329e-02
5.360000000000000320e+00 5.249424441196968993e-02
5.370000000000000107e+00 5.317714971249459105e-02
5.379999999999999893e+00 5.385097503114961298e-02
5.389999999999999680e+00 5.451545551516129295e-02
5.399999999999999467e+00 5.517033249514621818e-02
5.410000000000000142e+00 5.581535353532095928e-02
5.419999999999999929e+00 5.645027248091524091e-02
5.429999999999999716e+00 5.707484950278849528e-02
5.439999999999999503e+00 5.768885113925013852e-02
5.450000000000000178e+00 5.829205033508747663e-02
5.459999999999999964e+00 5.888422647780318375e-02
5.469999999999999751e+00 5.946516543106870195e-02
5.479999999999999538e+00 6.003465956539870418e-02
5.490000000000000213e+00 6.059250778605232424e-02
5.500000000000000000e+00 6.113851555817156197e-02
5.509999999999999787e+00 6.167249492916427461e-02
5.519999999999999574e+00 6.219426454834219714e-02
5.530000000000000249e+00 6.270364968382567683e-02
5.540000000000000036e+00 6.320048223672708465e-02
5.549999999999999822e+00 6.368460075262627473e-02
5.559999999999999609e+00 6.415585043035272605e-02
5.570000000000000284e+00 6.461408312808913923e-02
5.580000000000000071e+00 6.505915736681364137e-02
5.589999999999999858e+00 6.549093833109738416e-02
5.599999999999999645e+00 6.590929786727581230e-02
5.610000000000000320e+00 6.631411447901362777e-02
5.620000000000000107e+00 6.670527332028271250e-02
5.629999999999999893e+00 6.708266618577511664e-02
5.639999999999999680e+00 6.744619149877212338e-02
5.649999999999999467e+00 6.779575429649369045e-02
5.660000000000000142e+00 6.813126621295090279e-02
5.669999999999999929e+00 6.845264545932669420e-02
5.679999999999999716e+00 6.875981680191042833e-02
5.689999999999999503e+00 6.905271153761344261e-02
5.700000000000000178e+00 6.933126746709090960e-02
5.709999999999999964e+00 6.959542886549963114e-02
5.719999999999999751e+00 6.984514645092070040e-02
5.729999999999999538e+00 7.008037735047517591e-02
5.740000000000000213e+00 7.030108506416482550e-02
5.750000000000000000e+00 7.050723942646740239e-02
5.759999999999999787e+00 7.069881656571927464e-02
5.769999999999999574e+00 7.087579886131779860e-02
5.780000000000000249e+00 7.103817489877589653e-02
5.790000000000000036e+00 7.118593942266324137e-02
5.799999999999999822e+00 7.131909328746834087e-02
5.809999999999999609e+00 7.143764340641652055e-02
5.820000000000000284e+00 7.154160269827897212e-02
5.830000000000000071e+00 7.163099003221048977e-02
5.839999999999999858e+00 7.170583017065111642e-02
5.849999999999999645e+00 7.176615371032921131e-02
5.860000000000000320e+00 7.181199702140507457e-02
5.870000000000000107e+00 7.184340218479277895e-02
5.879999999999999893e+00 7.186041692769751243e-02
5.889999999999999680e+00 7.186309455741034247e-02
5.899999999999999467e+00 7.185149389339862136e-02
5.910000000000000142e+00 7.182567919773188980e-02
5.919999999999999929e+00 7.178572010388523106e-02
5.929999999999999716e+00 7.173169154395908631e-02
5.939999999999999503e+00 7.166367367435920455e-02
5.950000000000000178e+00 7.158175179997555704e-02
5.959999999999999964e+00 7.148601629690509718e-02
5.969999999999999751e+00 7.137656253375811166e-02
5.979999999999999538e+00 7.125349079159240540e-02
5.990000000000000213e+00 7.111690618251714779e-02
6.000000000000000000e+00 7.096691856701026202e-02
6.009999999999999787e+00 7.080364246999142075e-02
6.019999999999999574e+00 7.062719699569544596e-02
6.030000000000000249e+00 7.043770574138881468e-02
6.040000000000000036e+00 7.023529670997362417e-02
6.049999999999999822e+00 7.002010222152253716e-02
6.059999999999999609e+00 6.979225882378889412e-02
6.070000000000000284e+00 6.955190720173660968e-02
6.080000000000000071e+00 6.929919208613347092e-02
6.089999999999999858e+00 6.903426216125249648e-02
6.099999999999999645e+00 6.875726997172533494e-02
6.110000000000000320e+00 6.846837182859322191e-02
6.120000000000000107e+00 6.816772771459807256e-02
6.129999999999999893e+00 6.785550118875947889e-02
6.139999999999999680e+00 6.753185929028202028e-02
6.150000000000000355e+00 6.719697244183554796e-02
6.160000000000000142e+00 6.685101435225505873e-02
6.169999999999999929e+00 6.649416191870211046e-02
6.179999999999999716e+00 6.612659512833335418e-02
6.189999999999999503e+00 6.574849695951903716e-02
6.200000000000000178e+00 6.536005328265578895e-02
6.209999999999999964e+00 6.496145276061741913e-02
6.219999999999999751e+00 6.455288674888666478e-02
6.229999999999999538e+00 6.413454919541113075e-02
6.240000000000000213e+00 6.370663654022730438e-02
6.250000000000000000e+00 6.326934761489402814e-02
6.259999999999999787e+00 6.282288354177931189e-02
6.269999999999999574e+00 6.236744763324213875e-02
6.280000000000000249e+00 6.190324529075066223e-02
6.290000000000000036e+00 6.143048390398039849e-02
6.299999999999999822e+00 6.094937274993136866e-02
6.309999999999999609e+00 6.046012289210705298e-02
6.320000000000000284e+00 5.996294707979567956e-02
6.330000000000000071e+00 5.945805964749301120e-02
6.339999999999999858e+00 5.894567641450849937e-02
6.349999999999999645e+00 5.842601458479287219e-02
6.360000000000000320e+00 5.789929264702702028e-02
6.370000000000000107e+00 5.736573027501144784e-02
6.379999999999999893e+00 5.682554822839386982e-02
6.389999999999999680e+00 5.627896825377308454e-02
6.400000000000000355e+00 5.572621298621759783e-02
6.410000000000000142e+00 5.516750585123476186e-02
6.419999999999999929e+00 5.460307096722725323e-02
6.429999999999999716e+00 5.403313304847434662e-02
6.439999999999999503e+00 5.345791730867124891e-02
6.450000000000000178e+00 5.287764936506397090e-02
6.459999999999999964e+00 5.229255514321261983e-02
6.469999999999999751e+00 5.170286078241735639e-02
6.479999999999999538e+00 5.110879254184177295e-02
6.490000000000000213e+00 5.051057670736492505e-02
6.500000000000000000e+00 4.990843949919566980e-02
6.509999999999999787e+00 4.930260698028016836e-02
6.519999999999999574e+00 4.869330496553448545e-02
6.530000000000000249e+00 4.808075893193285849e-02
6.540000000000000036e+00 4.746519392948107818e-02
6.549999999999999822e+00 4.684683449310484554e-02
6.559999999999999609e+00 4.622590455548218624e-02
6.570000000000000284e+00 4.560262736084711582e-02
6.580000000000000071e+00 4.497722537979396973e-02
6.589999999999999858e+00 4.434992022510660797e-02
6.599999999999999645e+00 4.372093256864148514e-02
6.610000000000000320e+00 4.309048205928843467e-02
6.620000000000000107e+00 4.245878724203533405e-02
6.629999999999999893e+00 4.182606547815925779e-02
6.639999999999999680e+00 4.119253286657025698e-02
6.650000000000000355e+00 4.055840416632815887e-02
6.660000000000000142e+00 3.992389272035694325e-02
6.669999999999999929e+00 3.928921038037620078e-02
6.679999999999999716e+00 3.865456743307272430e-02
6.689999999999999503e+00 3.802017252753073923e-02
6.700000000000000178e+00 3.738623260394122877e-02
6.709999999999999964e+00 3.675295282360942217e-02
6.719999999999999751e+00 3.612053650027738372e-02
6.729999999999999538e+00 3.548918503278104125e-02
6.740000000000000213e+00 3.485909783905671161e-02
6.750000000000000000e+00 3.423047229151431753e-02
6.759999999999999787e+00 3.360350365379192322e-02
6.769999999999999574e+00 3.297838501890684726e-02
6.780000000000000249e+00 3.235530724881716114e-02
6.790000000000000036e+00 3.173445891540647990e-02
6.799999999999999822e+00 3.111602624290490254e-02
6.809999999999999609e+00 3.050019305175821413e-02
6.820000000000000284e+00 2.988714070395571618e-02
6.830000000000000071e+00 2.927704804982833586e-02
6.839999999999999858e+00 2.867009137632505616e-02
6.849999999999999645e+00 2.806644435677853322e-02
6.860000000000000320e+00 2.746627800216711046e-02
6.870000000000000107e+00 2.686976061388110862e-02
6.879999999999999893e+00 2.627705773800035824e-02
6.889999999999999680e+00 2.568833212108954586e-02
6.900000000000000355e+00 2.510374366751633168e-02
6.910000000000000142e+00 2.452344939829798759e-02
6.919999999999999929e+00 2.394760341147958785e-02
6.929999999999999716e+00 2.337635684404851255e-02
6.939999999999999503e+00 2.280985783538735934e-02
6.950000000000000178e+00 2.224825149226757753e-02
6.959999999999999964e+00 2.169167985538566004e-02
6.969999999999999751e+00 2.114028186744204910e-02
6.979999999999999538e+00 2.059419334276397714e-02
6.990000000000000213e+00 2.005354693847077527e-02
7.000000000000000000e+00 1.951847212718151731e-02
7.009999999999999787e+00 1.898909517126214780e-02
7.019999999999999574e+00 1.846553909861086556e-02
7.030000000000000249e+00 1.794792367997810265e-02
7.040000000000000036e+00 1.743636540781777836e-02
7.049999999999999822e+00 1.693097747666522102e-02
7.059999999999999609e+00 1.643186976503739974e-02
7.070000000000000284e+00 1.593914881884984230e-02
7.080000000000000071e+00 1.545291783634436186e-02
7.089999999999999858e+00 1.497327665452029971e-02
7.099999999999999645e+00 1.450032173706335831e-02
7.110000000000000320e+00 1.403414616376300224e-02
7.120000000000000107e+00 1.357483962141122630e-02
7.129999999999999893e+00 1.312248839617258245e-02
7.139999999999999680e+00 1.267717536741743041e-02
7.150000000000000355e+00 1.223898000300746580e-02
7.160000000000000142e+00 1.180797835602354073e-02
7.169999999999999929e+00 1.138424306292436239e-02
7.179999999999999716e+00 1.096784334312523972e-02
7.189999999999999503e+00 1.055884499998426158e-02
7.200000000000000178e+00 1.015731042318367486e-02
7.209999999999999964e+00 9.763298592493665357e-03
7.219999999999999751e+00 9.376865082904547663e-03
7.229999999999999538e+00 8.998062071114240612e-03
7.240000000000000213e+00 8.626938343355988401e-03
7.250000000000000000e+00 8.263539304552031464e-03
7.259999999999999787e+00 7.907906988777585119e-03
7.269999999999999574e+00 7.560080071019817903e-03
7.280000000000000249e+00 7.220093880215606476e-03
7.290000000000000036e+00 6.887980413551776301e-03
7.299999999999999822e+00 6.563768352010534643e-03
7.309999999999999609e+00 6.247483077143526665e-03
7.320000000000000284e+00 5.939146689056391121e-03
7.330000000000000071e+00 5.638778025586218580e-03
7.339999999999999858e+00 5.346392682653165057e-03
7.349999999999999645e+00 5.062003035768151277e-03
7.360000000000000320e+00 4.785618262677232559e-03
7.370000000000000107e+00 4.517244367123677065e-03
7.379999999999999893e+00 4.256884203707786592e-03
7.389999999999999680e+00 4.004537503825026691e-03
7.400000000000000355e+00 3.760200902662002437e-03
7.410000000000000142e+00 3.523867967230088528e-03
7.419999999999999929e+00 3.295529225415601282e-03
7.429999999999999716e+00 3.075172196026176342e-03
7.439999999999999503e+00 2.862781419811695829e-03
7.450000000000000178e+00 2.658338491438597389e-03
7.459999999999999964e+00 2.461822092395914499e-03
7.469999999999999751e+00 2.273208024811092937e-03
7.479999999999999538e+00 2.092469246153833874e-03
7.490000000000000213e+00 1.919575904805532985e-03
7.500000000000000000e+00 1.754495376472138199e-03
7.509999999999999787e+00 1.597192301417647668e-03
7.519999999999999574e+00 1.447628622495904932e-03
7.530000000000000249e+00 1.305763623957622915e-03
7.540000000000000036e+00 1.171553971009871341e-03
7.549999999999999822e+00 1.044953750104775760e-03
7.559999999999999609e+00 9.259145099345305946e-04
7.570000000000000284e+00 8.143853031092650532e-04
7.580000000000000071e+00 7.103127284945673489e-04
7.589999999999999858e+00 6.136409741851213927e-04
7.599999999999999645e+00 5.243118610911522278e-04
7.610000000000000320e+00 4.422648871140430244e-04
7.620000000000000107e+00 3.674372718876451282e-04
7.629999999999999893e+00 2.997640020615864685e-04
7.639999999999999680e+00 2.391778771031091136e-04
7.650000000000000355e+00 1.856095555937164240e-04
7.660000000000000142e+00 1.389876019970702785e-04
7.669999999999999929e+00 9.923853387447041684e-05
7.679999999999999716e+00 6.628686952441986886e-05
7.689999999999999503e+00 4.005517602265120259e-05
7.700000000000000178e+00 2.046411763913240269e-05
7.709999999999999964e+00 7.432504608592775867e-06
7.719999999999999751e+00 8.773422311435163257e-07
7.729999999999999538e+00 7.138802796953738059e-07
7.740000000000000213e+00 6.855662690893349805e-06
7.750000000000000000e+00 1.921457751641093378e-05
7.759999999999999787e+00 3.770090711154337949e-05
7.769999999999999574e+00 6.222337853812801153e-05
7.780000000000000249e+00 9.268921415895442495e-05
7.790000000000000036e+00 1.290041824009237651e-04
7.799999999999999822e+00 1.710726486644082703e-04
7.809999999999999609e+00 2.187976263563104452e-04
7.820000000000000284e+00 2.720808280245629886e-04
7.830000000000000071e+00 3.308227165718876945e-04
7.839999999999999858e+00 3.949225565269093253e-04
7.849999999999999645e+00 4.642784653507238727e-04
7.860000000000000320e+00 5.387874647573893559e-04
7.870000000000000107e+00 6.183455320268183963e-04
7.879999999999999893e+00 7.028476512889609553e-04
7.889999999999999680e+00 7.921878647581051536e-04
7.900000000000000355e+00 8.862593238965730006e-04
7.910000000000000142e+00 9.849543404871362231e-04
7.919999999999999929e+00 1.088164437593890132e-03
7.929999999999999716e+00 1.195780400391277445e-03
7.940000000000000391e+00 1.307692326841491210e-03
7.950000000000000178e+00 1.423789678200465146e-03
7.959999999999999964e+00 1.543961329333226216e-03
7.969999999999999751e+00 1.668095618819212317e-03
7.979999999999999538e+00 1.796080398828846496e-03
7.990000000000000213e+00 1.927803084752651580e-03
8.000000000000000000e+00 2.063150704564541832e-03
8.009999999999999787e+00 2.202009947901330776e-03
8.019999999999999574e+00 2.344267214840478012e-03
8.029999999999999361e+00 2.489808664358739501e-03
8.039999999999999147e+00 2.638520262454394257e-03
8.050000000000000711e+00 2.790287829916271358e-03
8.060000000000000497e+00 2.944997089722685424e-03
8.070000000000000284e+00 3.102533714054507997e-03
8.080000000000000071e+00 3.262783370905757065e-03
8.089999999999999858e+00 3.425631770276467338e-03
8.099999999999999645e+00 3.590964709932338485e-03
8.109999999999999432e+00 3.758668120716141675e-03
8.119999999999999218e+00 3.928628111396148363e-03
8.130000000000000782e+00 4.100731013037328850e-03
8.140000000000000568e+00 4.274863422880964027e-03
8.150000000000000355e+00 4.450912247719554515e-03
8.160000000000000142e+00 4.628764746752918671e-03
8.169999999999999929e+00 4.808308573913021126e-03
8.179999999999999716e+00 4.989431819644571733e-03
8.189999999999999503e+00 5.172023052129172925e-03
8.199999999999999289e+00 5.355971357940894975e-03
8.209999999999999076e+00 5.541166382121817842e-03
8.220000000000000639e+00 5.727498367666096490e-03
8.230000000000000426e+00 5.914858194401482160e-03
8.240000000000000213e+00 6.103137417258320575e-03
8.250000000000000000e+00 6.292228303914884115e-03
8.259999999999999787e+00 6.482023871809918479e-03
8.269999999999999574e+00 6.672417924512515953e-03
8.279999999999999361e+00 6.863305087440254790e-03
8.289999999999999147e+00 7.054580842916820076e-03
8.300000000000000711e+00 7.246141564560592066e-03
8.310000000000000497e+00 7.437884550996086072e-03
8.320000000000000284e+00 7.629708058880866998e-03
8.330000000000000071e+00 7.821511335239924104e-03
8.339999999999999858e+00 8.013194649101124806e-03
8.349999999999999645e+00 8.204659322424773943e-03
8.359999999999999432e+00 8.395807760320948485e-03
8.369999999999999218e+00 8.586543480548948157e-03
8.380000000000000782e+00 8.776771142293006422e-03
8.390000000000000568e+00 8.966396574209008208e-03
8.400000000000000355e+00 9.155326801737811646e-03
8.410000000000000142e+00 9.343470073679992216e-03
8.419999999999999929e+00 9.530735888028338612e-03
8.429999999999999716e+00 9.717035017054001175e-03
8.439999999999999503e+00 9.902279531643038563e-03
8.449999999999999289e+00 1.008638282488006493e-02
8.459999999999999076e+00 1.026925963487631925e-02
8.470000000000000639e+00 1.045082606683967429e-02
8.480000000000000426e+00 1.063099961438441869e-02
8.490000000000000213e+00 1.080969918007934107e-02
8.500000000000000000e+00 1.098684509523230150e-02
8.509999999999999787e+00 1.116235913891039030e-02
8.519999999999999574e+00 1.133616455619503548e-02
8.529999999999999361e+00 1.150818607567131481e-02
8.539999999999999147e+00 1.167834992615169633e-02
8.550000000000000711e+00 1.184658385263413251e-02
8.560000000000000497e+00 1.201281713149516053e-02
8.570000000000000284e+00 1.217698058491905287e-02
8.580000000000000071e+00 1.233900659456363749e-02
8.589999999999999858e+00 1.249882911446481212e-02
8.599999999999999645e+00 1.265638368318119412e-02
8.609999999999999432e+00 1.281160743518107784e-02
8.619999999999999218e+00 1.296443911147398924e-02
8.630000000000000782e+00 1.311481906948964472e-02
8.640000000000000568e+00 1.326268929220691603e-02
8.650000000000000355e+00 1.340799339653662645e-02
8.660000000000000142e+00 1.355067664096098329e-02
8.669999999999999929e+00 1.369068593243396963e-02
8.679999999999999716e+00 1.382796983254638151e-02
8.689999999999999503e+00 1.396247856296023264e-02
8.699999999999999289e+00 1.409416401011663426e-02
8.710000000000000853e+00 1.422297972922243955e-02
8.720000000000000639e+00 1.434888094752033785e-02
8.730000000000000426e+00 1.447182456684832121e-02
8.740000000000000213e+00 1.459176916549336650e-02
8.750000000000000000e+00 1.470867499934582281e-02
8.759999999999999787e+00 1.482250400236023204e-02
8.769999999999999574e+00 1.493321978632894745e-02
8.779999999999999361e+00 1.504078763997514050e-02
8.789999999999999147e+00 1.514517452737191780e-02
8.800000000000000711e+00 1.524634908569441442e-02
8.810000000000000497e+00 1.534428162231214060e-02
8.820000000000000284e+00 1.543894411122900649e-02
8.830000000000000071e+00 1.553031018887849127e-02
8.839999999999999858e+00 1.561835514928167599e-02
8.849999999999999645e+00 1.570305593857638030e-02
8.859999999999999432e+00 1.578439114892521769e-02
8.869999999999999218e+00 1.586234101181113743e-02
8.880000000000000782e+00 1.593688739072890437e-02
8.890000000000000568e+00 1.600801377328098588e-02
8.900000000000000355e+00 1.607570526268709346e-02
8.910000000000000142e+00 1.613994856871595399e-02
8.919999999999999929e+00 1.620073199804875769e-02
8.929999999999999716e+00 1.625804544408334176e-02
8.939999999999999503e+00 1.631188037618873723e-02
8.949999999999999289e+00 1.636222982841962006e-02
8.960000000000000853e+00 1.640908838770021097e-02
8.970000000000000639e+00 1.645245218148769575e-02
8.980000000000000426e+00 1.649231886492498814e-02
8.990000000000000213e+00 1.652868760749279589e-02
9.000000000000000000e+00 1.656155907917141248e-02
9.009999999999999787e+00 1.659093543612244828e-02
9.019999999999999574e+00 1.661682030590065293e-02
9.029999999999999361e+00 1.663921877220655987e-02
9.039999999999999147e+00 1.665813735919057306e-02
9.050000000000000711e+00 1.667358401531873063e-02
9.060000000000000497e+00 1.668556809681153580e-02
9.070000000000000284e+00 1.669410035066582268e-02
9.080000000000000071e+00 1.669919289727140113e-02
9.089999999999999858e+00 1.670085921263268075e-02
9.099999999999999645e+00 1.669911411020675793e-02
9.109999999999999432e+00 1.669397372236861715e-02
9.119999999999999218e+00 1.668545548151494778e-02
9.130000000000000782e+00 1.667357810081727607e-02
9.140000000000000568e+00 1.665836155463591706e-02
9.150000000000000355e+00 1.663982705860570302e-02
9.160000000000000142e+00 1.661799704940488537e-02
9.169999999999999929e+00 1.659289516421833671e-02
9.179999999999999716e+00 1.656454621990640155e-02
9.189999999999999503e+00 1.653297619189046663e-02
9.199999999999999289e+00 1.649821219276697074e-02
9.210000000000000853e+00 1.646028245066046003e-02
9.220000000000000639e+00 1.641921628732773836e-02
9.230000000000000426e+00 1.637504409602374977e-02
9.240000000000000213e+00 1.632779731914075355e-02
9.250000000000000000e+00 1.627750842563200837e-02
9.259999999999999787e+00 1.622421088823118585e-02
9.269999999999999574e+00 1.616793916047864696e-02
9.279999999999999361e+00 1.610872865356571815e-02
9.289999999999999147e+00 1.604661571300835393e-02
9.300000000000000711e+00 1.598163759516086496e-02
9.310000000000000497e+00 1.591383244358122659e-02
9.320000000000000284e+00 1.584323926525848733e-02
9.330000000000000071e+00 1.576989790671375763e-02
9.339999999999999858e+00 1.569384902998509010e-02
9.349999999999999645e+00 1.561513408850770564e-02
9.359999999999999432e+00 1.553379530289982977e-02
9.369999999999999218e+00 1.544987563666516510e-02
9.380000000000000782e+00 1.536341877182240308e-02
9.390000000000000568e+00 1.527446908447275577e-02
9.400000000000000355e+00 1.518307162031528983e-02
9.410000000000000142e+00 1.508927207012121345e-02
9.419999999999999929e+00 1.499311674517705799e-02
9.429999999999999716e+00 1.489465255270689716e-02
9.439999999999999503e+00 1.479392697128403301e-02
9.449999999999999289e+00 1.469098802624199153e-02
9.460000000000000853e+00 1.458588426509481277e-02
9.470000000000000639e+00 1.447866473297661910e-02
9.480000000000000426e+00 1.436937894810987222e-02
9.490000000000000213e+00 1.425807687731239955e-02
9.500000000000000000e+00 1.414480891155235794e-02
9.509999999999999787e+00 1.402962584156066533e-02
9.519999999999999574e+00 1.391257883351032509e-02
9.529999999999999361e+00 1.379371940477151608e-02
9.539999999999999147e+00 1.367309939975185941e-02
9.550000000000000711e+00 1.355077096583054246e-02
9.560000000000000497e+00 1.342678652939529454e-02
9.570000000000000284e+00 1.330119877199049602e-02
9.580000000000000071e+00 1.317406060658567711e-02
9.589999999999999858e+00 1.304542515397207753e-02
9.599999999999999645e+00 1.291534571929610180e-02
9.609999999999999432e+00 1.278387576873741063e-02
9.619999999999999218e+00 1.265106890633994723e-02
9.630000000000000782e+00 1.251697885100360938e-02
9.640000000000000568e+00 1.238165941364446909e-02
9.650000000000000355e+00 1.224516447453058085e-02
9.660000000000000142e+00 1.210754796080173480e-02
9.669999999999999929e+00 1.196886382417951776e-02
9.679999999999999716e+00 1.182916601887540158e-02
9.689999999999999503e+00 1.168850847970357917e-02
9.699999999999999289e+00 1.154694510040551320e-02
9.710000000000000853e+00 1.140452971219269897e-02
9.720000000000000639e+00 1.126131606251456856e-02
9.730000000000000426e+00 1.111735779405720673e-02
9.740000000000000213e+00 1.097270842397993218e-02
9.750000000000000000e+00 1.082742132339509569e-02
9.759999999999999787e+00 1.068154969709749977e-02
9.769999999999999574e+00 1.053514656354874457e-02
9.779999999999999361e+00 1.038826473512257341e-02
9.789999999999999147e+00 1.024095679861607329e-02
9.800000000000000711e+00 1.009327509603249844e-02
9.810000000000000497e+00 9.945271705640671214e-03
9.820000000000000284e+00 9.796998423315463750e-03
9.830000000000000071e+00 9.648506744164937407e-03
9.839999999999999858e+00 9.499847844448083140e-03
9.849999999999999645e+00 9.351072563787888106e-03
9.859999999999999432e+00 9.202231387684049746e-03
9.869999999999999218e+00 9.053374430329280340e-03
9.880000000000000782e+00 8.904551417733381005e-03
9.890000000000000568e+00 8.755811671158839071e-03
9.900000000000000355e+00 8.607204090871260413e-03
9.910000000000000142e+00 8.458777140208708148e-03
9.919999999999999929e+00 8.310578829972747536e-03
9.929999999999999716e+00 8.162656703144607548e-03
9.939999999999999503e+00 8.015057819929335275e-03
9.949999999999999289e+00 7.867828743130897418e-03
9.960000000000000853e+00 7.721015523860655719e-03
9.970000000000000639e+00 7.574663687582203556e-03
9.980000000000000426e+00 7.428818220494137932e-03
9.990000000000000213e+00 7.283523556253847751e-03
1.000000000000000000e+01 7.138823563043702677e-03
1.000999999999999979e+01 6.994761530981797107e-03
1.001999999999999957e+01 6.851380159878854743e-03
1.002999999999999936e+01 6.708721547343056250e-03
1.003999999999999915e+01 6.566827177233878522e-03
1.005000000000000071e+01 6.425737908466537182e-03
1.006000000000000050e+01 6.285493964167987273e-03
1.007000000000000028e+01 6.146134921185257560e-03
1.008000000000000007e+01 6.007699699947319748e-03
1.008999999999999986e+01 5.870226554680860361e-03
1.009999999999999964e+01 5.733753063980493066e-03
1.010999999999999943e+01 5.598316121733895416e-03
1.011999999999999922e+01 5.463951928401939405e-03
1.013000000000000078e+01 5.330695982654040481e-03
1.014000000000000057e+01 5.198583073358590580e-03
1.015000000000000036e+01 5.067647271928123892e-03
1.016000000000000014e+01 4.937921925019191083e-03
1.016999999999999993e+01 4.809439647586189956e-03
1.017999999999999972e+01 4.682232316288620008e-03
1.018999999999999950e+01 4.556331063251040960e-03
1.019999999999999929e+01 4.431766270174811520e-03
1.021000000000000085e+01 4.308567562800583173e-03
1.022000000000000064e+01 4.186763805720513341e-03
1.023000000000000043e+01 4.066383097538690469e-03
1.024000000000000021e+01 3.947452766378685939e-03
1.025000000000000000e+01 3.829999365736445633e-03
1.025999999999999979e+01 3.714048670677079153e-03
1.026999999999999957e+01 3.599625674373617239e-03
1.027999999999999936e+01 3.486754584986003543e-03
1.028999999999999915e+01 3.375458822878243861e-03
1.030000000000000071e+01 3.265761018171614224e-03
1.031000000000000050e+01 3.157683008631819756e-03
1.032000000000000028e+01 3.051245837887508246e-03
1.033000000000000007e+01 2.946469753978056810e-03
1.033999999999999986e+01 2.843374208227813105e-03
1.034999999999999964e+01 2.741977854444296609e-03
1.035999999999999943e+01 2.642298548437536226e-03
1.036999999999999922e+01 2.544353347857753952e-03
1.038000000000000078e+01 2.448158512348402177e-03
1.039000000000000057e+01 2.353729504011645504e-03
1.040000000000000036e+01 2.261080988182886161e-03
1.041000000000000014e+01 2.170226834511466366e-03
1.041999999999999993e+01 2.081180118343984101e-03
1.042999999999999972e+01 1.993953122406918934e-03
1.043999999999999950e+01 1.908557338785105183e-03
1.044999999999999929e+01 1.825003471192456319e-03
1.046000000000000085e+01 1.743301437531326976e-03
1.047000000000000064e+01 1.663460372736853170e-03
1.048000000000000043e+01 1.585488631902294077e-03
1.049000000000000021e+01 1.509393793681777568e-03
1.050000000000000000e+01 1.435182663966327573e-03
1.050999999999999979e+01 1.362861279829236539e-03
1.051999999999999957e+01 1.292434913736724379e-03
1.052999999999999936e+01 1.223908078019739871e-03
1.053999999999999915e+01 1.157284529602728819e-03
1.055000000000000071e+01 1.092567274985108703e-03
1.056000000000000050e+01 1.029758575471189774e-03
1.057000000000000028e+01 9.688599526440602912e-04
1.058000000000000007e+01 9.098721940792034923e-04
1.058999999999999986e+01 8.527953592932476564e-04
1.059999999999999964e+01 7.976287859233968788e-04
1.060999999999999943e+01 7.443710961329841336e-04
1.061999999999999922e+01 6.930202032385398506e-04
1.063000000000000078e+01 6.435733185537440785e-04
1.064000000000000057e+01 5.960269584456306296e-04
1.065000000000000036e+01 5.503769515982025705e-04
1.066000000000000014e+01 5.066184464788860012e-04
1.066999999999999993e+01 4.647459190029225588e-04
1.067999999999999972e+01 4.247531803909266874e-04
1.068999999999999950e+01 3.866333852147856302e-04
1.069999999999999929e+01 3.503790396270257826e-04
1.071000000000000085e+01 3.159820097687647067e-04
1.072000000000000064e+01 2.834335303513725005e-04
1.073000000000000043e+01 2.527242134068357834e-04
1.074000000000000021e+01 2.238440572019978383e-04
1.075000000000000000e+01 1.967824553116328255e-04
1.075999999999999979e+01 1.715282058454206530e-04
1.076999999999999957e+01 1.480695208238337081e-04
1.077999999999999936e+01 1.263940356979535685e-04
1.078999999999999915e+01 1.064888190082194938e-04
1.080000000000000071e+01 8.834038217710457684e-05
1.081000000000000050e+01 7.193468943074123522e-05
1.082000000000000028e+01 5.725716784444138659e-05
1.083000000000000007e+01 4.429271750717466197e-05
1.083999999999999986e+01 3.302572179995901875e-05
1.084999999999999964e+01 2.344005778318758318e-05
1.085999999999999943e+01 1.551910668790255638e-05
1.086999999999999922e+01 9.245764506037854169e-06
1.088000000000000078e+01 4.602452674661323132e-06
1.089000000000000057e+01 1.571128849265893404e-06
1.090000000000000036e+01 1.332977611562049855e-07
1.091000000000000014e+01 2.700221540210992303e-07
1.091999999999999993e+01 1.961933794770797220e-06
1.092999999999999972e+01 5.189244553754818538e-06
1.093999999999999950e+01 9.931757549491307478e-06
1.094999999999999929e+01 1.616887835306178093e-05
1.096000000000000085e+01 2.387962624735085805e-05
1.097000000000000064e+01 3.304264553632595207e-05
1.098000000000000043e+01 4.363621689960918133e-05
1.099000000000000021e+01 5.563826878757348207e-05
1.100000000000000000e+01 6.902638885227320214e-05
1.100999999999999979e+01 8.377783540952261367e-05
1.101999999999999957e+01 9.986954892747907590e-05
1.102999999999999936e+01 1.172781635371187268e-04
1.103999999999999915e+01 1.359800185600325620e-04
1.105000000000000071e+01 1.559511700490062735e-04
1.106000000000000050e+01 1.771674023368662899e-04
1.107000000000000028e+01 1.996042395891837605e-04
1.108000000000000007e+01 2.232369573563519919e-04
1.108999999999999986e+01 2.480405941207111686e-04
1.109999999999999964e+01 2.739899628343710788e-04
1.110999999999999943e+01 3.010596624434464029e-04
1.111999999999999922e+01 3.292240893944647895e-04
1.113000000000000078e+01 3.584574491187628642e-04
1.114000000000000057e+01 3.887337674906865027e-04
1.115000000000000036e+01 4.200269022555853417e-04
1.116000000000000014e+01 4.523105544234457226e-04
1.116999999999999993e+01 4.855582796242522217e-04
1.117999999999999972e+01 5.197434994210960862e-04
1.118999999999999950e+01 5.548395125771568310e-04
1.119999999999999929e+01 5.908195062727137703e-04
1.121000000000000085e+01 6.276565672684212378e-04
1.122000000000000064e+01 6.653236930110775597e-04
1.123000000000000043e+01 7.037938026783289438e-04
1.124000000000000021e+01 7.430397481585547742e-04
1.125000000000000000e+01 7.830343249624951161e-04
1.125999999999999979e+01 8.237502830630734612e-04
1.126999999999999957e+01 8.651603376600107550e-04
1.127999999999999936e+01 9.072371798658251160e-04
1.128999999999999915e+01 9.499534873099487039e-04
1.130000000000000071e+01 9.932819346576741114e-04
1.131000000000000050e+01 1.037195204040736000e-03
1.132000000000000028e+01 1.081665995396490160e-03
1.133000000000000007e+01 1.126667036712495490e-03
1.133999999999999986e+01 1.172171094173594984e-03
1.134999999999999964e+01 1.218150982208539420e-03
1.135999999999999943e+01 1.264579573433271837e-03
1.136999999999999922e+01 1.311429808488082062e-03
1.138000000000000078e+01 1.358674705765894331e-03
1.139000000000000057e+01 1.406287371028968388e-03
1.140000000000000036e+01 1.454241006911529289e-03
1.141000000000000014e+01 1.502508922305619953e-03
1.141999999999999993e+01 1.551064541627840236e-03
1.142999999999999972e+01 1.599881413964478194e-03
1.143999999999999950e+01 1.648933222092761495e-03
1.144999999999999929e+01 1.698193791375888833e-03
1.146000000000000085e+01 1.747637098529710668e-03
1.147000000000000064e+01 1.797237280258808922e-03
1.148000000000000043e+01 1.846968641760101922e-03
1.149000000000000021e+01 1.896805665091714447e-03
1.150000000000000000e+01 1.946723017405408741e-03
1.150999999999999979e+01 1.996695559040564429e-03
1.151999999999999957e+01 2.046698351477996020e-03
1.152999999999999936e+01 2.096706665151806294e-03
1.153999999999999915e+01 2.146695987117675473e-03
1.155000000000000071e+01 2.196642028575966632e-03
1.156000000000000050e+01 2.246520732248067417e-03
1.157000000000000028e+01 2.296308279604641466e-03
1.158000000000000007e+01 2.345981097944252990e-03
1.158999999999999986e+01 2.395515867321099460e-03
1.159999999999999964e+01 2.444889527320640282e-03
1.160999999999999943e+01 2.494079283681849019e-03
1.161999999999999922e+01 2.543062614764993699e-03
1.163000000000000078e+01 2.591817277863953800e-03
1.164000000000000057e+01 2.640321315361913827e-03
1.165000000000000036e+01 2.688553060729752600e-03
1.166000000000000014e+01 2.736491144366028864e-03
1.166999999999999993e+01 2.784114499277893194e-03
1.167999999999999972e+01 2.831402366602203680e-03
1.168999999999999950e+01 2.878334300966107692e-03
1.169999999999999929e+01 2.924890175686557618e-03
1.171000000000000085e+01 2.971050187808177683e-03
1.172000000000000064e+01 3.016794862979006123e-03
1.173000000000000043e+01 3.062105060163766625e-03
1.174000000000000021e+01 3.106961976194209767e-03
1.175000000000000000e+01 3.151347150156331035e-03
1.175999999999999979e+01 3.195242467614180064e-03
1.176999999999999957e+01 3.238630164670140092e-03
1.177999999999999936e+01 3.281492831861524545e-03
1.178999999999999915e+01 3.323813417893497699e-03
1.180000000000000071e+01 3.365575233208279501e-03
1.181000000000000050e+01 3.406761953390730416e-03
1.182000000000000028e+01 3.447357622410492789e-03
1.183000000000000007e+01 3.487346655700788046e-03
1.183999999999999986e+01 3.526713843074154222e-03
1.184999999999999964e+01 3.565444351475483779e-03
1.185999999999999943e+01 3.603523727572578109e-03
1.186999999999999922e+01 3.640937900184825458e-03
1.188000000000000078e+01 3.677673182550257255e-03
1.189000000000000057e+01 3.713716274431646831e-03
1.190000000000000036e+01 3.749054264062212129e-03
1.191000000000000014e+01 3.783674629931462786e-03
1.191999999999999993e+01 3.817565242411936205e-03
1.192999999999999972e+01 3.850714365227548598e-03
1.193999999999999950e+01 3.883110656764312586e-03
1.194999999999999929e+01 3.914743171224264844e-03
1.196000000000000085e+01 3.945601359623453382e-03
1.197000000000000064e+01 3.975675070634940300e-03
1.198000000000000043e+01 4.004954551277802727e-03
1.199000000000000021e+01 4.033430447453066961e-03
1.200000000000000000e+01 4.061093804327737221e-03
1.200999999999999979e+01 4.087936066567963295e-03
1.201999999999999957e+01 4.113949078422498955e-03
1.202999999999999936e+01 4.139125083657703603e-03
1.204000000000000092e+01 4.163456725345239876e-03
1.205000000000000071e+01 4.186937045503796861e-03
1.206000000000000050e+01 4.209559484596154741e-03
1.207000000000000028e+01 4.231317880882919623e-03
1.208000000000000007e+01 4.252206469634371884e-03
1.208999999999999986e+01 4.272219882201801905e-03
1.209999999999999964e+01 4.291353144949871037e-03
1.210999999999999943e+01 4.309601678051440225e-03
1.211999999999999922e+01 4.326961294146486510e-03
1.213000000000000078e+01 4.343428196866618365e-03
1.214000000000000057e+01 4.358998979226821370e-03
1.215000000000000036e+01 4.373670621886124703e-03
1.216000000000000014e+01 4.387440491278795686e-03
1.216999999999999993e+01 4.400306337617826587e-03
1.217999999999999972e+01 4.412266292772436260e-03
1.218999999999999950e+01 4.423318868021340437e-03
1.219999999999999929e+01 4.433462951683632934e-03
1.221000000000000085e+01 4.442697806629022049e-03
1.222000000000000064e+01 4.451023067669398862e-03
1.223000000000000043e+01 4.458438738833498186e-03
1.224000000000000021e+01 4.464945190526603720e-03
1.225000000000000000e+01 4.470543156577283690e-03
1.225999999999999979e+01 4.475233731172979269e-03
1.226999999999999957e+01 4.479018365686542220e-03
1.227999999999999936e+01 4.481898865395683718e-03
1.229000000000000092e+01 4.483877386097292854e-03
1.230000000000000071e+01 4.484956430618769821e-03
1.231000000000000050e+01 4.485138845228328792e-03
1.232000000000000028e+01 4.484427815946414632e-03
1.233000000000000007e+01 4.482826864760301212e-03
1.233999999999999986e+01 4.480339845743962560e-03
1.234999999999999964e+01 4.476970941085384355e-03
1.235999999999999943e+01 4.472724657023441699e-03
1.236999999999999922e+01 4.467605819696439558e-03
1.238000000000000078e+01 4.461619570904603975e-03
1.239000000000000057e+01 4.454771363788566710e-03
1.240000000000000036e+01 4.447066958426161738e-03
1.241000000000000014e+01 4.438512417349615297e-03
1.241999999999999993e+01 4.429114100985460933e-03
1.242999999999999972e+01 4.418878663019289860e-03
1.243999999999999950e+01 4.407813045687651587e-03
1.244999999999999929e+01 4.395924474999299281e-03
1.246000000000000085e+01 4.383220455888017612e-03
1.247000000000000064e+01 4.369708767299322963e-03
1.248000000000000043e+01 4.355397457213219109e-03
1.249000000000000021e+01 4.340294837605366760e-03
1.250000000000000000e+01 4.324409479348823200e-03
1.250999999999999979e+01 4.307750207058699994e-03
1.251999999999999957e+01 4.290326093881932298e-03
1.252999999999999936e+01 4.272146456234528558e-03
1.254000000000000092e+01 4.253220848488422148e-03
1.255000000000000071e+01 4.233559057610359645e-03
1.256000000000000050e+01 4.213171097754933418e-03
1.257000000000000028e+01 4.192067204814148122e-03
1.258000000000000007e+01 4.170257830925701639e-03
1.258999999999999986e+01 4.147753638942304130e-03
1.259999999999999964e+01 4.124565496864197531e-03
1.260999999999999943e+01 4.100704472237235582e-03
1.261999999999999922e+01 4.076181826518677186e-03
1.263000000000000078e+01 4.051009009412999406e-03
1.264000000000000057e+01 4.025197653179888972e-03
1.265000000000000036e+01 3.998759566916709925e-03
1.266000000000000014e+01 3.971706730817615820e-03
1.266999999999999993e+01 3.944051290411514782e-03
1.267999999999999972e+01 3.915805550781111324e-03
1.268999999999999950e+01 3.886981970765201154e-03
1.269999999999999929e+01 3.857593157146331844e-03
1.271000000000000085e+01 3.827651858826138301e-03
1.272000000000000064e+01 3.797170960990360090e-03
1.273000000000000043e+01 3.766163479265718581e-03
1.274000000000000021e+01 3.734642553870858288e-03
1.275000000000000000e+01 3.702621443763362986e-03
1.275999999999999979e+01 3.670113520785004118e-03
1.276999999999999957e+01 3.637132263807272854e-03
1.277999999999999936e+01 3.603691252879302146e-03
1.279000000000000092e+01 3.569804163380159434e-03
1.280000000000000071e+01 3.535484760177687921e-03
1.281000000000000050e+01 3.500746891795666286e-03
1.282000000000000028e+01 3.465604484591599654e-03
1.283000000000000007e+01 3.430071536946835767e-03
1.283999999999999986e+01 3.394162113471173910e-03
1.284999999999999964e+01 3.357890339223796716e-03
1.285999999999999943e+01 3.321270393952485949e-03
1.286999999999999922e+01 3.284316506353033519e-03
1.288000000000000078e+01 3.247042948350708190e-03
1.289000000000000057e+01 3.209464029405687067e-03
1.290000000000000036e+01 3.171594090844196551e-03
1.291000000000000014e+01 3.133447500217309122e-03
1.291999999999999993e+01 3.095038645689074299e-03
1.292999999999999972e+01 3.056381930455851631e-03
1.293999999999999950e+01 3.017491767198528848e-03
1.294999999999999929e+01 2.978382572569370293e-03
1.296000000000000085e+01 2.939068761715226026e-03
1.297000000000000064e+01 2.899564742838757394e-03
1.298000000000000043e+01 2.859884911799301030e-03
1.299000000000000021e+01 2.820043646755059173e-03
1.300000000000000000e+01 2.780055302848200103e-03
1.300999999999999979e+01 2.739934206934416944e-03
1.301999999999999957e+01 2.699694652358517778e-03
1.302999999999999936e+01 2.659350893777586659e-03
1.304000000000000092e+01 2.618917142033183511e-03
1.305000000000000071e+01 2.578407559074091283e-03
1.306000000000000050e+01 2.537836252930979457e-03
1.307000000000000028e+01 2.497217272744516135e-03
1.308000000000000007e+01 2.456564603848211074e-03
1.308999999999999986e+01 2.415892162907409130e-03
1.309999999999999964e+01 2.375213793115747707e-03
1.310999999999999943e+01 2.334543259450380139e-03
1.311999999999999922e+01 2.293894243987245219e-03
1.313000000000000078e+01 2.253280341277626251e-03
1.314000000000000057e+01 2.212715053787248174e-03
1.315000000000000036e+01 2.172211787399002617e-03
1.316000000000000014e+01 2.131783846980591507e-03
1.316999999999999993e+01 2.091444432018130933e-03
1.317999999999999972e+01 2.051206632316837208e-03
1.318999999999999950e+01 2.011083423769852857e-03
1.319999999999999929e+01 1.971087664196281147e-03
1.321000000000000085e+01 1.931232089249401013e-03
1.322000000000000064e+01 1.891529308396089131e-03
1.323000000000000043e+01 1.851991800968308269e-03
1.324000000000000021e+01 1.812631912287692316e-03
1.325000000000000000e+01 1.773461849864035531e-03
1.325999999999999979e+01 1.734493679668563113e-03
1.326999999999999957e+01 1.695739322482822924e-03
1.327999999999999936e+01 1.657210550323958602e-03
1.329000000000000092e+01 1.618918982947168761e-03
1.330000000000000071e+01 1.580876084426074361e-03
1.331000000000000050e+01 1.543093159811630448e-03
1.332000000000000028e+01 1.505581351870381333e-03
1.333000000000000007e+01 1.468351637902576799e-03
1.333999999999999986e+01 1.431414826640824796e-03
1.334999999999999964e+01 1.394781555229836819e-03
1.335999999999999943e+01 1.358462286287809165e-03
1.336999999999999922e+01 1.322467305049978680e-03
1.338000000000000078e+01 1.286806716594793201e-03
1.339000000000000057e+01 1.251490443153230976e-03
1.340000000000000036e+01 1.216528221501555953e-03
1.341000000000000014e+01 1.181929600438060566e-03
1.341999999999999993e+01 1.147703938344052117e-03
1.342999999999999972e+01 1.113860400829432733e-03
1.343999999999999950e+01 1.080407958463205746e-03
1.344999999999999929e+01 1.047355384589133574e-03
1.346000000000000085e+01 1.014711253226818592e-03
1.347000000000000064e+01 9.824839370584268709e-04
1.348000000000000043e+01 9.506816055011640607e-04
1.349000000000000021e+01 9.193122228657497636e-04
1.350000000000000000e+01 8.883835466009400422e-04
1.350999999999999979e+01 8.579031256242159202e-04
1.351999999999999957e+01 8.278782987386883998e-04
1.352999999999999936e+01 7.983161931362508937e-04
1.354000000000000092e+01 7.692237229869936009e-04
1.355000000000000071e+01 7.406075881148473008e-04
1.356000000000000050e+01 7.124742727593605038e-04
1.357000000000000028e+01 6.848300444236002024e-04
1.358000000000000007e+01 6.576809528080067606e-04
1.358999999999999986e+01 6.310328288300671995e-04
1.359999999999999964e+01 6.048912837296602967e-04
1.360999999999999943e+01 5.792617082598492837e-04
1.361999999999999922e+01 5.541492719629190732e-04
1.363000000000000078e+01 5.295589225313795901e-04
1.364000000000000057e+01 5.054953852537022148e-04
1.365000000000000036e+01 4.819631625443990763e-04
1.366000000000000014e+01 4.589665335582105766e-04
1.366999999999999993e+01 4.365095538879707718e-04
1.367999999999999972e+01 4.145960553457902738e-04
1.368999999999999950e+01 3.932296458271441900e-04
1.369999999999999929e+01 3.724137092574229075e-04
1.371000000000000085e+01 3.521514056204805461e-04
1.372000000000000064e+01 3.324456710687171486e-04
1.373000000000000043e+01 3.132992181141265424e-04
1.374000000000000021e+01 2.947145358998400316e-04
1.375000000000000000e+01 2.766938905515627252e-04
1.375999999999999979e+01 2.592393256083233197e-04
1.376999999999999957e+01 2.423526625319388024e-04
1.377999999999999936e+01 2.260355012945553183e-04
1.379000000000000092e+01 2.102892210436091219e-04
1.380000000000000071e+01 1.951149808435482570e-04
1.381000000000000050e+01 1.805137204935742645e-04
1.382000000000000028e+01 1.664861614207356968e-04
1.383000000000000007e+01 1.530328076475941969e-04
1.383999999999999986e+01 1.401539468337114627e-04
1.384999999999999964e+01 1.278496513901721096e-04
1.385999999999999943e+01 1.161197796663384393e-04
1.386999999999999922e+01 1.049639772080104247e-04
1.388000000000000078e+01 9.438167808614492224e-05
1.389000000000000057e+01 8.437210629528321508e-05
1.390000000000000036e+01 7.493427722077388158e-05
1.391000000000000014e+01 6.606699917392855966e-05
1.391999999999999993e+01 5.776887499416227611e-05
1.392999999999999972e+01 5.003830371719285227e-05
1.393999999999999950e+01 4.287348230834312645e-05
1.394999999999999929e+01 3.627240745997309119e-05
1.396000000000000085e+01 3.023287745205485363e-05
1.397000000000000064e+01 2.475249407489023932e-05
1.398000000000000043e+01 1.982866461293673749e-05
1.399000000000000021e+01 1.545860388872642585e-05
1.400000000000000000e+01 1.163933636581189228e-05
1.400999999999999979e+01 8.367698309680594420e-06
1.401999999999999957e+01 5.640340005557078514e-06
1.402999999999999936e+01 3.453728032000612092e-06
1.404000000000000092e+01 1.804147589191468788e-06
1.405000000000000071e+01 6.877048807886467719e-07
1.406000000000000050e+01 1.003295482231531069e-07
1.407000000000000028e+01 3.777715628932314631e-08
1.408000000000000007e+01 4.956317288743696320e-07
1.408999999999999986e+01 1.469308333661813636e-06
1.409999999999999964e+01 2.954055714631426521e-06
1.410999999999999943e+01 4.944958971168327909e-06
1.411999999999999922e+01 7.436942282584067083e-06
1.413000000000000078e+01 1.042477167684354812e-05
1.414000000000000057e+01 1.390305784227878490e-05
1.415000000000000036e+01 1.786625898107355010e-05
1.416000000000000014e+01 2.230868370327571031e-05
1.416999999999999993e+01 2.722449396010531085e-05
1.417999999999999972e+01 3.260770801530768590e-05
1.418999999999999950e+01 3.845220345329825956e-05
1.419999999999999929e+01 4.475172022283843253e-05
1.421000000000000085e+01 5.149986371497728880e-05
1.422000000000000064e+01 5.869010787398038723e-05
1.423000000000000043e+01 6.631579833998573078e-05
1.424000000000000021e+01 7.437015562208252988e-05
1.425000000000000000e+01 8.284627830054423010e-05
1.425999999999999979e+01 9.173714625691884068e-05
1.426999999999999957e+01 1.010356239306862210e-04
1.427999999999999936e+01 1.107344636011846773e-04
1.429000000000000092e+01 1.208263086935129155e-04
1.430000000000000071e+01 1.313036971070940140e-04
1.431000000000000050e+01 1.421590645656285517e-04
1.432000000000000028e+01 1.533847479870985363e-04
1.433000000000000007e+01 1.649729888725418134e-04
1.433999999999999986e+01 1.769159367122886094e-04
1.434999999999999964e+01 1.892056524083531597e-04
1.435999999999999943e+01 2.018341117116792061e-04
1.436999999999999922e+01 2.147932086729386985e-04
1.438000000000000078e+01 2.280747591055843932e-04
1.439000000000000057e+01 2.416705040598414553e-04
1.440000000000000036e+01 2.555721133063832903e-04
1.441000000000000014e+01 2.697711888283425320e-04
1.441999999999999993e+01 2.842592683204093790e-04
1.442999999999999972e+01 2.990278286937108699e-04
1.443999999999999950e+01 3.140682895851945578e-04
1.444999999999999929e+01 3.293720168702339731e-04
1.446000000000000085e+01 3.449303261771883601e-04
1.447000000000000064e+01 3.607344864026283313e-04
1.448000000000000043e+01 3.767757232260074939e-04
1.449000000000000021e+01 3.930452226224670801e-04
1.450000000000000000e+01 4.095341343725625825e-04
1.450999999999999979e+01 4.262335755676571573e-04
1.451999999999999957e+01 4.431346341097381638e-04
1.452999999999999936e+01 4.602283722044345628e-04
1.454000000000000092e+01 4.775058298460153937e-04
1.455000000000000071e+01 4.949580282931385434e-04
1.456000000000000050e+01 5.125759735341828792e-04
1.457000000000000028e+01 5.303506597409184337e-04
1.458000000000000007e+01 5.482730727093677696e-04
1.458999999999999986e+01 5.663341932866602663e-04
1.459999999999999964e+01 5.845250007827280676e-04
1.460999999999999943e+01 6.028364763656700407e-04
1.461999999999999922e+01 6.212596064396536848e-04
1.463000000000000078e+01 6.397853860042140807e-04
1.464000000000000057e+01 6.584048219938162414e-04
1.465000000000000036e+01 6.771089365966091300e-04
1.466000000000000014e+01 6.958887705512082104e-04
1.466999999999999993e+01 7.147353864204859753e-04
1.467999999999999972e+01 7.336398718412475393e-04
1.468999999999999950e+01 7.525933427487614159e-04
1.469999999999999929e+01 7.715869465750777555e-04
1.471000000000000085e+01 7.906118654201235675e-04
1.472000000000000064e+01 8.096593191945101325e-04
1.473000000000000043e+01 8.287205687331255025e-04
1.474000000000000021e+01 8.477869188784310306e-04
1.475000000000000000e+01 8.668497215325461072e-04
1.475999999999999979e+01 8.859003786771447748e-04
1.476999999999999957e+01 9.049303453602125123e-04
1.477999999999999936e+01 9.239311326487306643e-04
1.479000000000000092e+01 9.428943105464060838e-04
1.480000000000000071e+01 9.618115108754756283e-04
1.481000000000000050e+01 9.806744301218137724e-04
1.482000000000000028e+01 9.994748322423602921e-04
1.483000000000000007e+01 1.018204551434112983e-03
1.483999999999999986e+01 1.036855494863797664e-03
1.484999999999999964e+01 1.055419645357429754e-03
1.485999999999999943e+01 1.073889064048959893e-03
1.486999999999999922e+01 1.092255892987239367e-03
1.488000000000000078e+01 1.110512357700521677e-03
1.489000000000000057e+01 1.128650769717765142e-03
1.490000000000000036e+01 1.146663529046050263e-03
1.491000000000000014e+01 1.164543126603344216e-03
1.491999999999999993e+01 1.182282146605959572e-03
1.492999999999999972e+01 1.199873268910052384e-03
1.493999999999999950e+01 1.217309271306481373e-03
1.494999999999999929e+01 1.234583031768416057e-03
1.496000000000000085e+01 1.251687530651081912e-03
1.497000000000000064e+01 1.268615852843035189e-03
1.498000000000000043e+01 1.285361189868441988e-03
1.499000000000000021e+01 1.301916841939739682e-03
1.500000000000000000e+01 1.318276219960219263e-03
1.500999999999999979e+01 1.334432847475960915e-03
1.501999999999999957e+01 1.350380362576683070e-03
1.502999999999999936e+01 1.366112519744971075e-03
1.504000000000000092e+01 1.381623191653515333e-03
1.505000000000000071e+01 1.396906370909825265e-03
1.506000000000000050e+01 1.411956171748128108e-03
1.507000000000000028e+01 1.426766831667950972e-03
1.508000000000000007e+01 1.441332713019096703e-03
1.508999999999999986e+01 1.455648304532612160e-03
1.509999999999999964e+01 1.469708222797473087e-03
1.510999999999999943e+01 1.483507213682614366e-03
1.511999999999999922e+01 1.497040153704084445e-03
1.513000000000000078e+01 1.510302051337010423e-03
1.514000000000000057e+01 1.523288048272145425e-03
1.515000000000000036e+01 1.535993420616794253e-03
1.516000000000000014e+01 1.548413580039877026e-03
1.516999999999999993e+01 1.560544074860968633e-03
1.517999999999999972e+01 1.572380591083166312e-03
1.518999999999999950e+01 1.583918953369604097e-03
1.519999999999999929e+01 1.595155125963552533e-03
1.521000000000000085e+01 1.606085213551940172e-03
1.522000000000000064e+01 1.616705462072274072e-03
1.523000000000000043e+01 1.627012259462868888e-03
1.524000000000000021e+01 1.637002136356352890e-03
1.525000000000000000e+01 1.646671766716458927e-03
1.525999999999999979e+01 1.656017968418050908e-03
1.526999999999999957e+01 1.665037703770488138e-03
1.527999999999999936e+01 1.673728079984291737e-03
1.529000000000000092e+01 1.682086349581237393e-03
1.530000000000000071e+01 1.690109910747932985e-03
1.531000000000000050e+01 1.697796307632995797e-03
1.532000000000000028e+01 1.705143230587957692e-03
1.533000000000000007e+01 1.712148516352027467e-03
1.533999999999999986e+01 1.718810148180899278e-03
1.534999999999999964e+01 1.725126255919779295e-03
1.535999999999999943e+01 1.731095116020838105e-03
1.536999999999999922e+01 1.736715151505314157e-03
1.538000000000000078e+01 1.741984931870505697e-03
1.539000000000000057e+01 1.746903172941932430e-03
1.540000000000000036e+01 1.751468736670921478e-03
1.541000000000000014e+01 1.755680630877952874e-03
1.541999999999999993e+01 1.759538008942030871e-03
1.542999999999999972e+01 1.763040169436498692e-03
1.543999999999999950e+01 1.766186555711563239e-03
1.544999999999999929e+01 1.768976755423976423e-03
1.546000000000000085e+01 1.771410500014219871e-03
1.547000000000000064e+01 1.773487664131632958e-03
1.548000000000000043e+01 1.775208265007882516e-03
1.549000000000000021e+01 1.776572461779252123e-03
1.550000000000000000e+01 1.777580554758188781e-03
1.550999999999999979e+01 1.778232984654582946e-03
1.551999999999999957e+01 1.778530331747302544e-03
1.552999999999999936e+01 1.778473315006473847e-03
1.554000000000000092e+01 1.778062791167032888e-03
1.555000000000000071e+01 1.777299753754114659e-03
1.556000000000000050e+01 1.776185332060804421e-03
1.557000000000000028e+01 1.774720790078877135e-03
1.558000000000000007e+01 1.772907525383053033e-03
1.558999999999999986e+01 1.770747067969433283e-03
1.559999999999999964e+01 1.768241079048691244e-03
1.560999999999999943e+01 1.765391349794696949e-03
1.562000000000000099e+01 1.762199800049165039e-03
1.563000000000000078e+01 1.758668476983057559e-03
1.564000000000000057e+01 1.754799553715363086e-03
1.565000000000000036e+01 1.750595327889961032e-03
1.566000000000000014e+01 1.746058220211291895e-03
1.566999999999999993e+01 1.741190772939514792e-03
1.567999999999999972e+01 1.735995648345900347e-03
1.568999999999999950e+01 1.730475627129192309e-03
1.569999999999999929e+01 1.724633606793708534e-03
1.571000000000000085e+01 1.718472599989894541e-03
1.572000000000000064e+01 1.711995732818175943e-03
1.573000000000000043e+01 1.705206243096819710e-03
1.574000000000000021e+01 1.698107478594658611e-03
1.575000000000000000e+01 1.690702895229451424e-03
1.575999999999999979e+01 1.682996055232709436e-03
1.576999999999999957e+01 1.674990625281806917e-03
1.577999999999999936e+01 1.666690374600211929e-03
1.579000000000000092e+01 1.658099173026679257e-03
1.580000000000000071e+01 1.649220989054271712e-03
1.581000000000000050e+01 1.640059887840034916e-03
1.582000000000000028e+01 1.630620029186243859e-03
1.583000000000000007e+01 1.620905665494045030e-03
1.583999999999999986e+01 1.610921139690416970e-03
1.584999999999999964e+01 1.600670883129308615e-03
1.585999999999999943e+01 1.590159413467879786e-03
1.587000000000000099e+01 1.579391332518723145e-03
1.588000000000000078e+01 1.568371324078986131e-03
1.589000000000000057e+01 1.557104151737302537e-03
1.590000000000000036e+01 1.545594656659447699e-03
1.591000000000000014e+01 1.533847755353665108e-03
1.591999999999999993e+01 1.521868437416552203e-03
1.592999999999999972e+01 1.509661763260468316e-03
1.593999999999999950e+01 1.497232861823388295e-03
1.594999999999999929e+01 1.484586928262143779e-03
1.596000000000000085e+01 1.471729221629976487e-03
1.597000000000000064e+01 1.458665062539395369e-03
1.598000000000000043e+01 1.445399830811202593e-03
1.599000000000000021e+01 1.431938963110730928e-03
1.600000000000000000e+01 1.418287950572162063e-03
1.601000000000000156e+01 1.404452336411933944e-03
1.602000000000000313e+01 1.390437713532149825e-03
1.603000000000000114e+01 1.376249722114959153e-03
1.604000000000000270e+01 1.361894047208849889e-03
1.605000000000000071e+01 1.347376416307848610e-03
1.606000000000000227e+01 1.332702596924488199e-03
1.607000000000000028e+01 1.317878394157601064e-03
1.608000000000000185e+01 1.302909648255789424e-03
1.609000000000000341e+01 1.287802232177612857e-03
1.610000000000000142e+01 1.272562049149348739e-03
1.611000000000000298e+01 1.257195030221304639e-03
1.612000000000000099e+01 1.241707131823690082e-03
1.613000000000000256e+01 1.226104333322823548e-03
1.614000000000000057e+01 1.210392634578807058e-03
1.615000000000000213e+01 1.194578053505399723e-03
1.616000000000000014e+01 1.178666623633208965e-03
1.617000000000000171e+01 1.162664391676922551e-03
1.618000000000000327e+01 1.146577415107687126e-03
1.619000000000000128e+01 1.130411759731403658e-03
1.620000000000000284e+01 1.114173497273897393e-03
1.621000000000000085e+01 1.097868702973904455e-03
1.622000000000000242e+01 1.081503453184656620e-03
1.623000000000000043e+01 1.065083822985102464e-03
1.624000000000000199e+01 1.048615883801480705e-03
1.625000000000000355e+01 1.032105701040279388e-03
1.626000000000000156e+01 1.015559331733311690e-03
1.627000000000000313e+01 9.989828221958359754e-04
1.628000000000000114e+01 9.823822056986054613e-04
1.629000000000000270e+01 9.657635001545623139e-04
1.630000000000000071e+01 9.491327058211816584e-04
1.631000000000000227e+01 9.324958030191106070e-04
1.632000000000000028e+01 9.158587498680942395e-04
1.633000000000000185e+01 8.992274800408158559e-04
1.634000000000000341e+01 8.826079005356314046e-04
1.635000000000000142e+01 8.660058894688314746e-04
1.636000000000000298e+01 8.494272938872641718e-04
1.637000000000000099e+01 8.328779276021538221e-04
1.638000000000000256e+01 8.163635690447139815e-04
1.639000000000000057e+01 7.998899591444882506e-04
1.640000000000000213e+01 7.834627992309519968e-04
1.641000000000000014e+01 7.670877489592952542e-04
1.642000000000000171e+01 7.507704242609112297e-04
1.643000000000000327e+01 7.345163953194509474e-04
1.644000000000000128e+01 7.183311845730016350e-04
1.645000000000000284e+01 7.022202647431153785e-04
1.646000000000000085e+01 6.861890568913955922e-04
1.647000000000000242e+01 6.702429285041618329e-04
1.648000000000000043e+01 6.543871916059846401e-04
1.649000000000000199e+01 6.386271009025489128e-04
1.650000000000000355e+01 6.229678519536128957e-04
1.651000000000000156e+01 6.074145793765229088e-04
1.652000000000000313e+01 5.919723550809145038e-04
1.653000000000000114e+01 5.766461865352316999e-04
1.654000000000000270e+01 5.614410150654619873e-04
1.655000000000000071e+01 5.463617141868077655e-04
1.656000000000000227e+01 5.314130879686328147e-04
1.657000000000000028e+01 5.165998694333685803e-04
1.658000000000000185e+01 5.019267189897021718e-04
1.659000000000000341e+01 4.873982229006849952e-04
1.660000000000000142e+01 4.730188917870957921e-04
1.661000000000000298e+01 4.587931591665538348e-04
1.662000000000000099e+01 4.447253800288719595e-04
1.663000000000000256e+01 4.308198294479294310e-04
1.664000000000000057e+01 4.170807012306283171e-04
1.665000000000000213e+01 4.035121066031547112e-04
1.666000000000000014e+01 3.901180729350749252e-04
1.667000000000000171e+01 3.769025425014589886e-04
1.668000000000000327e+01 3.638693712835213518e-04
1.669000000000000128e+01 3.510223278079755219e-04
1.670000000000000284e+01 3.383650920254648075e-04
1.671000000000000085e+01 3.259012542283893396e-04
1.672000000000000242e+01 3.136343140082969300e-04
1.673000000000000043e+01 3.015676792532309539e-04
1.674000000000000199e+01 2.897046651851280653e-04
1.675000000000000355e+01 2.780484934376325828e-04
1.676000000000000156e+01 2.666022911744117367e-04
1.677000000000000313e+01 2.553690902482209251e-04
1.678000000000000114e+01 2.443518264009192863e-04
1.679000000000000270e+01 2.335533385044963025e-04
1.680000000000000071e+01 2.229763678433723808e-04
1.681000000000000227e+01 2.126235574379710814e-04
1.682000000000000028e+01 2.024974514097902401e-04
1.683000000000000185e+01 1.926004943879446648e-04
1.684000000000000341e+01 1.829350309573659391e-04
1.685000000000000142e+01 1.735033051486259404e-04
1.686000000000000298e+01 1.643074599694612664e-04
1.687000000000000099e+01 1.553495369780543269e-04
1.688000000000000256e+01 1.466314758979962891e-04
1.689000000000000057e+01 1.381551142750234119e-04
1.690000000000000213e+01 1.299221871754005389e-04
1.691000000000000014e+01 1.219343269260076703e-04
1.692000000000000171e+01 1.141930628959751264e-04
1.693000000000000327e+01 1.066998213198874833e-04
1.694000000000000128e+01 9.945592516239037094e-05
1.695000000000000284e+01 9.246259402412505173e-05
1.696000000000000085e+01 8.572094408889467958e-05
1.697000000000000242e+01 7.923198811185937110e-05
1.698000000000000043e+01 7.299663544868488616e-05
1.699000000000000199e+01 6.701569212539828884e-05
1.700000000000000355e+01 6.128986094883949877e-05
1.701000000000000156e+01 5.581974165745066561e-05
1.702000000000000313e+01 5.060583111221378714e-05
1.703000000000000114e+01 4.564852352752326095e-05
1.704000000000000270e+01 4.094811074170260712e-05
1.705000000000000071e+01 3.650478252696119289e-05
1.706000000000000227e+01 3.231862693846219552e-05
1.707000000000000028e+01 2.838963070226509149e-05
1.708000000000000185e+01 2.471767964178989279e-05
1.709000000000000341e+01 2.130255914253256116e-05
1.710000000000000142e+01 1.814395465466324235e-05
1.711000000000000298e+01 1.524145223317939008e-05
1.712000000000000099e+01 1.259453911526390580e-05
1.713000000000000256e+01 1.020260433444989583e-05
1.714000000000000057e+01 8.064939371238397689e-06
1.715000000000000213e+01 6.180738839741149520e-06
1.716000000000000369e+01 4.549101209963577729e-06
1.717000000000000171e+01 3.169029565284048746e-06
1.718000000000000327e+01 2.039432394702957190e-06
1.719000000000000128e+01 1.159124419416083980e-06
1.720000000000000284e+01 5.268274532412007169e-07
1.721000000000000085e+01 1.411712964379524320e-07
1.722000000000000242e+01 6.946624274329109647e-10
1.723000000000000043e+01 1.038461369237070505e-07
1.724000000000000199e+01 4.489851689668869916e-07
1.725000000000000355e+01 1.034383093342797594e-06
1.726000000000000156e+01 1.858224183861192591e-06
1.727000000000000313e+01 2.918606736956532045e-06
1.728000000000000114e+01 4.213544185058353010e-06
1.729000000000000270e+01 5.740966239182343957e-06
1.730000000000000071e+01 7.498720060162771160e-06
1.731000000000000227e+01 9.484571457964418914e-06
1.732000000000000028e+01 1.169620611847080494e-05
1.733000000000000185e+01 1.413123085717428119e-05
1.734000000000000341e+01 1.678717489914325072e-05
1.735000000000000142e+01 1.966149118467345379e-05
1.736000000000000298e+01 2.275155769999791743e-05
1.737000000000000099e+01 2.605467883241680040e-05
1.738000000000000256e+01 2.956808674923879635e-05
1.739000000000000057e+01 3.328894279985880990e-05
1.740000000000000213e+01 3.721433894036028868e-05
1.741000000000000369e+01 4.134129917994929074e-05
1.742000000000000171e+01 4.566678104858964786e-05
1.743000000000000327e+01 5.018767708516125260e-05
1.744000000000000128e+01 5.490081634545060195e-05
1.745000000000000284e+01 5.980296592933413864e-05
1.746000000000000085e+01 6.489083252642137444e-05
1.747000000000000242e+01 7.016106397952192447e-05
1.748000000000000043e+01 7.561025086518794651e-05
1.749000000000000199e+01 8.123492809069110651e-05
1.750000000000000355e+01 8.703157650667707370e-05
1.751000000000000156e+01 9.299662453483597180e-05
1.752000000000000313e+01 9.912644980986666705e-05
1.753000000000000114e+01 1.054173808349958332e-04
1.754000000000000270e+01 1.118656986503952411e-04
1.755000000000000071e+01 1.184676385137099118e-04
1.756000000000000227e+01 1.252193915920510575e-04
1.757000000000000028e+01 1.321171066646574218e-04
1.758000000000000185e+01 1.391568918355797315e-04
1.759000000000000341e+01 1.463348162555877779e-04
1.760000000000000142e+01 1.536469118526374096e-04
1.761000000000000298e+01 1.610891750701457469e-04
1.762000000000000099e+01 1.686575686123247951e-04
1.763000000000000256e+01 1.763480231959094939e-04
1.764000000000000057e+01 1.841564393074726592e-04
1.765000000000000213e+01 1.920786889656902845e-04
1.766000000000000369e+01 2.001106174877419349e-04
1.767000000000000171e+01 2.082480452591964988e-04
1.768000000000000327e+01 2.164867695066307251e-04
1.769000000000000128e+01 2.248225660722301975e-04
1.770000000000000284e+01 2.332511911897265059e-04
1.771000000000000085e+01 2.417683832608658945e-04
1.772000000000000242e+01 2.503698646317827981e-04
1.773000000000000043e+01 2.590513433684794799e-04
1.774000000000000199e+01 2.678085150307916366e-04
1.775000000000000355e+01 2.766370644440476335e-04
1.776000000000000156e+01 2.855326674677894435e-04
1.777000000000000313e+01 2.944909927608328586e-04
1.778000000000000114e+01 3.035077035419357617e-04
1.779000000000000270e+01 3.125784593454699603e-04
1.780000000000000071e+01 3.216989177713092357e-04
1.781000000000000227e+01 3.308647362283553481e-04
1.782000000000000028e+01 3.400715736709306958e-04
1.783000000000000185e+01 3.493150923274639780e-04
1.784000000000000341e+01 3.585909594207101897e-04
1.785000000000000142e+01 3.678948488789247928e-04
1.786000000000000298e+01 3.772224430373136779e-04
1.787000000000000099e+01 3.865694343290748940e-04
1.788000000000000256e+01 3.959315269654784431e-04
1.789000000000000057e+01 4.053044386042538218e-04
1.790000000000000213e+01 4.146839020057586597e-04
1.791000000000000369e+01 4.240656666762192208e-04
1.792000000000000171e+01 4.334455004975078804e-04
1.793000000000000327e+01 4.428191913428251056e-04
1.794000000000000128e+01 4.521825486776632824e-04
1.795000000000000284e+01 4.615314051455429245e-04
1.796000000000000085e+01 4.708616181378488938e-04
1.797000000000000242e+01 4.801690713472955472e-04
1.798000000000000043e+01 4.894496763043682842e-04
1.799000000000000199e+01 4.986993738962814662e-04
1.800000000000000355e+01 5.079141358678227868e-04
1.801000000000000156e+01 5.170899663036256392e-04
1.802000000000000313e+01 5.262229030913190839e-04
1.803000000000000114e+01 5.353090193650093592e-04
1.804000000000000270e+01 5.443444249286713424e-04
1.805000000000000071e+01 5.533252676588566862e-04
1.806000000000000227e+01 5.622477348863407854e-04
1.807000000000000028e+01 5.711080547561345980e-04
1.808000000000000185e+01 5.799024975655029919e-04
1.809000000000000341e+01 5.886273770794366728e-04
1.810000000000000142e+01 5.972790518232211007e-04
1.811000000000000298e+01 6.058539263516471386e-04
1.812000000000000099e+01 6.143484524944004769e-04
1.813000000000000256e+01 6.227591305773175863e-04
1.814000000000000057e+01 6.310825106190126078e-04
1.815000000000000213e+01 6.393151935025790863e-04
1.816000000000000369e+01 6.474538321219234322e-04
1.817000000000000171e+01 6.554951325024207902e-04
1.818000000000000327e+01 6.634358548955408396e-04
1.819000000000000128e+01 6.712728148470520221e-04
1.820000000000000284e+01 6.790028842385765128e-04
1.821000000000000085e+01 6.866229923020793864e-04
1.822000000000000242e+01 6.941301266070947591e-04
1.823000000000000043e+01 7.015213340202989221e-04
1.824000000000000199e+01 7.087937216372579676e-04
1.825000000000000355e+01 7.159444576859953736e-04
1.826000000000000156e+01 7.229707724021953432e-04
1.827000000000000313e+01 7.298699588757842898e-04
1.828000000000000114e+01 7.366393738686330796e-04
1.829000000000000270e+01 7.432764386032371341e-04
1.830000000000000071e+01 7.497786395220955346e-04
1.831000000000000227e+01 7.561435290176759388e-04
1.832000000000000028e+01 7.623687261327238580e-04
1.833000000000000185e+01 7.684519172308204495e-04
1.834000000000000341e+01 7.743908566369805523e-04
1.835000000000000142e+01 7.801833672481918664e-04
1.836000000000000298e+01 7.858273411137763412e-04
1.837000000000000099e+01 7.913207399854206830e-04
1.838000000000000256e+01 7.966615958368368413e-04
1.839000000000000057e+01 8.018480113529154315e-04
1.840000000000000213e+01 8.068781603883446634e-04
1.841000000000000369e+01 8.117502883955908001e-04
1.842000000000000171e+01 8.164627128222346191e-04
1.843000000000000327e+01 8.210138234776124828e-04
1.844000000000000128e+01 8.254020828687222292e-04
1.845000000000000284e+01 8.296260265054319384e-04
1.846000000000000085e+01 8.336842631749355210e-04
1.847000000000000242e+01 8.375754751855369858e-04
1.848000000000000043e+01 8.412984185797261994e-04
1.849000000000000199e+01 8.448519233166520634e-04
1.850000000000000355e+01 8.482348934239824839e-04
1.851000000000000156e+01 8.514463071192741915e-04
1.852000000000000313e+01 8.544852169008983808e-04
1.853000000000000114e+01 8.573507496086084714e-04
1.854000000000000270e+01 8.600421064538826994e-04
1.855000000000000071e+01 8.625585630201147193e-04
1.856000000000000227e+01 8.648994692328176685e-04
1.857000000000000028e+01 8.670642492999478370e-04
1.858000000000000185e+01 8.690524016225174017e-04
1.859000000000000341e+01 8.708634986756438965e-04
1.860000000000000142e+01 8.724971868602235479e-04
1.861000000000000298e+01 8.739531863253911098e-04
1.862000000000000099e+01 8.752312907619802171e-04
1.863000000000000256e+01 8.763313671671773544e-04
1.864000000000000057e+01 8.772533555805948468e-04
1.865000000000000213e+01 8.779972687919812297e-04
1.866000000000000369e+01 8.785631920208132693e-04
1.867000000000000171e+01 8.789512825680149879e-04
1.868000000000000327e+01 8.791617694400656385e-04
1.869000000000000128e+01 8.791949529457610641e-04
1.870000000000000284e+01 8.790512042659089260e-04
1.871000000000000085e+01 8.787309649962534623e-04
1.872000000000000242e+01 8.782347466639101518e-04
1.873000000000000043e+01 8.775631302176463856e-04
1.874000000000000199e+01 8.767167654922925326e-04
1.875000000000000355e+01 8.756963706476451979e-04
1.876000000000000156e+01 8.745027315821652736e-04
1.877000000000000313e+01 8.731367013218396290e-04
1.878000000000000114e+01 8.715991993845519743e-04
1.879000000000000270e+01 8.698912111203148303e-04
1.880000000000000071e+01 8.680137870277568205e-04
1.881000000000000227e+01 8.659680420472126629e-04
1.882000000000000028e+01 8.637551548308357741e-04
1.883000000000000185e+01 8.613763669900894281e-04
1.884000000000000341e+01 8.588329823210648969e-04
1.885000000000000142e+01 8.561263660079875036e-04
1.886000000000000298e+01 8.532579438053579293e-04
1.887000000000000099e+01 8.502292011991513954e-04
1.888000000000000256e+01 8.470416825474802154e-04
1.889000000000000057e+01 8.436969902011881963e-04
1.890000000000000213e+01 8.401967836047937680e-04
1.891000000000000369e+01 8.365427783782523842e-04
1.892000000000000171e+01 8.327367453799723075e-04
1.893000000000000327e+01 8.287805097515573609e-04
1.894000000000000128e+01 8.246759499447454522e-04
1.895000000000000284e+01 8.204249967310028998e-04
1.896000000000000085e+01 8.160296321942651617e-04
1.897000000000000242e+01 8.114918887072854019e-04
1.898000000000000043e+01 8.068138478921091459e-04
1.899000000000000199e+01 8.019976395651157511e-04
1.900000000000000355e+01 7.970454406671896109e-04
1.901000000000000156e+01 7.919594741794530384e-04
1.902000000000000313e+01 7.867420080250952337e-04
1.903000000000000114e+01 7.813953539578197011e-04
1.904000000000000270e+01 7.759218664373705807e-04
1.905000000000000071e+01 7.703239414927138184e-04
1.906000000000000227e+01 7.646040155733139056e-04
1.907000000000000028e+01 7.587645643891082446e-04
1.908000000000000185e+01 7.528081017396131462e-04
1.909000000000000341e+01 7.467371783327631917e-04
1.910000000000000142e+01 7.405543805939459375e-04
1.911000000000000298e+01 7.342623294657895684e-04
1.912000000000000099e+01 7.278636791992396365e-04
1.913000000000000256e+01 7.213611161364124518e-04
1.914000000000000057e+01 7.147573574858153648e-04
1.915000000000000213e+01 7.080551500903944006e-04
1.916000000000000369e+01 7.012572691890130378e-04
1.917000000000000171e+01 6.943665171718363610e-04
1.918000000000000327e+01 6.873857223301729899e-04
1.919000000000000128e+01 6.803177376013360735e-04
1.920000000000000284e+01 6.731654393089828376e-04
1.921000000000000085e+01 6.659317258995605445e-04
1.922000000000000242e+01 6.586195166752864755e-04
1.923000000000000043e+01 6.512317505242864362e-04
1.924000000000000199e+01 6.437713846483396687e-04
1.925000000000000355e+01 6.362413932888239887e-04
1.926000000000000156e+01 6.286447664513377612e-04
1.927000000000000313e+01 6.209845086295383244e-04
1.928000000000000114e+01 6.132636375287443820e-04
1.929000000000000270e+01 6.054851827897647773e-04
1.930000000000000071e+01 5.976521847135459484e-04
1.931000000000000227e+01 5.897676929870650231e-04
1.932000000000000028e+01 5.818347654110744057e-04
1.933000000000000185e+01 5.738564666301127805e-04
1.934000000000000341e+01 5.658358668653786254e-04
1.935000000000000142e+01 5.577760406508937372e-04
1.936000000000000298e+01 5.496800655734857509e-04
1.937000000000000099e+01 5.415510210171149480e-04
1.938000000000000256e+01 5.333919869119653750e-04
1.939000000000000057e+01 5.252060424888641650e-04
1.940000000000000213e+01 5.169962650394405168e-04
1.941000000000000369e+01 5.087657286825721797e-04
1.942000000000000171e+01 5.005175031375330664e-04
1.943000000000000327e+01 4.922546525043291262e-04
1.944000000000000128e+01 4.839802340517258741e-04
1.945000000000000284e+01 4.756972970133443350e-04
1.946000000000000085e+01 4.674088813923726014e-04
1.947000000000000242e+01 4.591180167752456935e-04
1.948000000000000043e+01 4.508277211548287772e-04
1.949000000000000199e+01 4.425409997634476489e-04
1.950000000000000355e+01 4.342608439162850046e-04
1.951000000000000156e+01 4.259902298654919895e-04
1.952000000000000313e+01 4.177321176654646973e-04
1.953000000000000114e+01 4.094894500497260788e-04
1.954000000000000270e+01 4.012651513197379774e-04
1.955000000000000071e+01 3.930621262461409947e-04
1.956000000000000227e+01 3.848832589827125891e-04
1.957000000000000028e+01 3.767314119935222467e-04
1.958000000000000185e+01 3.686094249935692479e-04
1.959000000000000341e+01 3.605201139033598588e-04
1.960000000000000142e+01 3.524662698177158686e-04
1.961000000000000298e+01 3.444506579891977384e-04
1.962000000000000099e+01 3.364760168265126718e-04
1.963000000000000256e+01 3.285450569081891183e-04
1.964000000000000057e+01 3.206604600119202756e-04
1.965000000000000213e+01 3.128248781598244382e-04
1.966000000000000369e+01 3.050409326800146751e-04
1.967000000000000171e+01 2.973112132847237853e-04
1.968000000000000327e+01 2.896382771653052950e-04
1.969000000000000128e+01 2.820246481044359722e-04
1.970000000000000284e+01 2.744728156057246651e-04
1.971000000000000085e+01 2.669852340410997795e-04
1.972000000000000242e+01 2.595643218161400854e-04
1.973000000000000043e+01 2.522124605537063679e-04
1.974000000000000199e+01 2.449319942960257661e-04
1.975000000000000355e+01 2.377252287255592089e-04
1.976000000000000156e+01 2.305944304048126558e-04
1.977000000000000313e+01 2.235418260353451935e-04
1.978000000000000114e+01 2.165696017362087186e-04
1.979000000000000270e+01 2.096799023419644364e-04
1.980000000000000071e+01 2.028748307205488781e-04
1.981000000000000227e+01 1.961564471110961499e-04
1.982000000000000028e+01 1.895267684819728553e-04
1.983000000000000185e+01 1.829877679091199605e-04
1.984000000000000341e+01 1.765413739749306698e-04
1.985000000000000142e+01 1.701894701877613178e-04
1.986000000000000298e+01 1.639338944222363658e-04
1.987000000000000099e+01 1.577764383805046284e-04
1.988000000000000256e+01 1.517188470745137088e-04
1.989000000000000057e+01 1.457628183294859255e-04
1.990000000000000213e+01 1.399100023086289354e-04
1.991000000000000369e+01 1.341620010592473424e-04
1.992000000000000171e+01 1.285203680802849704e-04
1.993000000000000327e+01 1.229866079114001244e-04
1.994000000000000128e+01 1.175621757436598697e-04
1.995000000000000284e+01 1.122484770518643337e-04
1.996000000000000085e+01 1.070468672486118370e-04
1.997000000000000242e+01 1.019586513600835885e-04
1.998000000000000043e+01 9.698508372364233847e-05
1.999000000000000199e+01 9.212736770720715183e-05
