 k(Mpc^-1)     CL=0.4515     CL=0.5763     CL=0.6827     CL=0.7699     CL=0.8385     CL=0.8904     CL=0.9281     CL=0.9545     CL=0.9722     CL=0.9836     CL=0.9907     CL=0.9949     CL=0.9973
 0.3111083E+08 0.2625942E-08 0.2631528E-08 0.2637033E-08 0.2642463E-08 0.2647815E-08 0.2653094E-08 0.2658298E-08 0.2663447E-08 0.2668526E-08 0.2673533E-08 0.2678507E-08 0.2683392E-08 0.2688206E-08
 0.2870652E+08 0.2640220E-08 0.2645821E-08 0.2651343E-08 0.2656789E-08 0.2662156E-08 0.2667451E-08 0.2672670E-08 0.2677834E-08 0.2682927E-08 0.2687949E-08 0.2692936E-08 0.2697835E-08 0.2702663E-08
 0.2648801E+08 0.2654677E-08 0.2660296E-08 0.2665833E-08 0.2671296E-08 0.2676679E-08 0.2681989E-08 0.2687224E-08 0.2692403E-08 0.2697511E-08 0.2702547E-08 0.2707549E-08 0.2712462E-08 0.2717304E-08
 0.2444096E+08 0.2669318E-08 0.2674953E-08 0.2680508E-08 0.2685987E-08 0.2691386E-08 0.2696712E-08 0.2701962E-08 0.2707157E-08 0.2712280E-08 0.2717331E-08 0.2722348E-08 0.2727276E-08 0.2732132E-08
 0.2255211E+08 0.2684145E-08 0.2689798E-08 0.2695369E-08 0.2700865E-08 0.2706280E-08 0.2711623E-08 0.2716889E-08 0.2722099E-08 0.2727238E-08 0.2732304E-08 0.2737336E-08 0.2742278E-08 0.2747149E-08
 0.2080923E+08 0.2699160E-08 0.2704831E-08 0.2710420E-08 0.2715932E-08 0.2721365E-08 0.2726724E-08 0.2732006E-08 0.2737232E-08 0.2742387E-08 0.2747468E-08 0.2752515E-08 0.2757472E-08 0.2762358E-08
 0.1920105E+08 0.2714368E-08 0.2720056E-08 0.2725663E-08 0.2731192E-08 0.2736642E-08 0.2742018E-08 0.2747317E-08 0.2752559E-08 0.2757729E-08 0.2762827E-08 0.2767889E-08 0.2772862E-08 0.2777762E-08
 0.1771715E+08 0.2729770E-08 0.2735476E-08 0.2741101E-08 0.2746648E-08 0.2752115E-08 0.2757508E-08 0.2762824E-08 0.2768083E-08 0.2773269E-08 0.2778383E-08 0.2783461E-08 0.2788449E-08 0.2793365E-08
 0.1634793E+08 0.2745369E-08 0.2751095E-08 0.2756738E-08 0.2762303E-08 0.2767788E-08 0.2773198E-08 0.2778530E-08 0.2783806E-08 0.2789010E-08 0.2794139E-08 0.2799234E-08 0.2804238E-08 0.2809169E-08
 0.1508452E+08 0.2761170E-08 0.2766914E-08 0.2772576E-08 0.2778159E-08 0.2783662E-08 0.2789090E-08 0.2794440E-08 0.2799733E-08 0.2804953E-08 0.2810099E-08 0.2815210E-08 0.2820230E-08 0.2825177E-08
 0.1391876E+08 0.2777174E-08 0.2782938E-08 0.2788618E-08 0.2794221E-08 0.2799741E-08 0.2805187E-08 0.2810555E-08 0.2815865E-08 0.2821103E-08 0.2826266E-08 0.2831394E-08 0.2836430E-08 0.2841393E-08
 0.1284309E+08 0.2793386E-08 0.2799169E-08 0.2804869E-08 0.2810490E-08 0.2816029E-08 0.2821494E-08 0.2826879E-08 0.2832207E-08 0.2837462E-08 0.2842643E-08 0.2847787E-08 0.2852841E-08 0.2857820E-08
 0.1185054E+08 0.2809808E-08 0.2815611E-08 0.2821330E-08 0.2826971E-08 0.2832529E-08 0.2838012E-08 0.2843416E-08 0.2848762E-08 0.2854035E-08 0.2859233E-08 0.2864395E-08 0.2869465E-08 0.2874461E-08
 0.1093471E+08 0.2826444E-08 0.2832267E-08 0.2838006E-08 0.2843666E-08 0.2849244E-08 0.2854746E-08 0.2860169E-08 0.2865533E-08 0.2870824E-08 0.2876040E-08 0.2881219E-08 0.2886306E-08 0.2891320E-08
 0.1008965E+08 0.2843297E-08 0.2849141E-08 0.2854900E-08 0.2860580E-08 0.2866177E-08 0.2871698E-08 0.2877140E-08 0.2882523E-08 0.2887833E-08 0.2893066E-08 0.2898264E-08 0.2903369E-08 0.2908399E-08
 0.9309899E+07 0.2860370E-08 0.2866235E-08 0.2872015E-08 0.2877716E-08 0.2883333E-08 0.2888874E-08 0.2894335E-08 0.2899737E-08 0.2905065E-08 0.2910317E-08 0.2915533E-08 0.2920655E-08 0.2925704E-08
 0.8590409E+07 0.2877668E-08 0.2883554E-08 0.2889356E-08 0.2895077E-08 0.2900714E-08 0.2906275E-08 0.2911755E-08 0.2917177E-08 0.2922524E-08 0.2927795E-08 0.2933029E-08 0.2938170E-08 0.2943236E-08
 0.7926523E+07 0.2895194E-08 0.2901102E-08 0.2906924E-08 0.2912666E-08 0.2918325E-08 0.2923905E-08 0.2929406E-08 0.2934847E-08 0.2940214E-08 0.2945504E-08 0.2950757E-08 0.2955916E-08 0.2961000E-08
 0.7313944E+07 0.2912951E-08 0.2918881E-08 0.2924726E-08 0.2930489E-08 0.2936168E-08 0.2941769E-08 0.2947290E-08 0.2952752E-08 0.2958138E-08 0.2963447E-08 0.2968719E-08 0.2973898E-08 0.2979001E-08
 0.6748706E+07 0.2930944E-08 0.2936897E-08 0.2942763E-08 0.2948548E-08 0.2954248E-08 0.2959871E-08 0.2965412E-08 0.2970894E-08 0.2976300E-08 0.2981629E-08 0.2986921E-08 0.2992119E-08 0.2997240E-08
 0.6227151E+07 0.2949176E-08 0.2955152E-08 0.2961040E-08 0.2966847E-08 0.2972569E-08 0.2978213E-08 0.2983776E-08 0.2989278E-08 0.2994705E-08 0.3000054E-08 0.3005366E-08 0.3010583E-08 0.3015723E-08
 0.5745903E+07 0.2967652E-08 0.2973650E-08 0.2979562E-08 0.2985391E-08 0.2991135E-08 0.2996801E-08 0.3002385E-08 0.3007908E-08 0.3013356E-08 0.3018725E-08 0.3024057E-08 0.3029294E-08 0.3034454E-08
 0.5301847E+07 0.2986374E-08 0.2992397E-08 0.2998331E-08 0.3004184E-08 0.3009950E-08 0.3015638E-08 0.3021243E-08 0.3026788E-08 0.3032257E-08 0.3037647E-08 0.3042999E-08 0.3048256E-08 0.3053436E-08
 0.4892109E+07 0.3005349E-08 0.3011395E-08 0.3017353E-08 0.3023228E-08 0.3029018E-08 0.3034728E-08 0.3040356E-08 0.3045922E-08 0.3051412E-08 0.3056823E-08 0.3062197E-08 0.3067474E-08 0.3072674E-08
 0.4514036E+07 0.3024578E-08 0.3030649E-08 0.3036631E-08 0.3042530E-08 0.3048343E-08 0.3054076E-08 0.3059726E-08 0.3065315E-08 0.3070826E-08 0.3076259E-08 0.3081654E-08 0.3086952E-08 0.3092172E-08
 0.4165181E+07 0.3044068E-08 0.3050164E-08 0.3056170E-08 0.3062093E-08 0.3067930E-08 0.3073686E-08 0.3079359E-08 0.3084970E-08 0.3090504E-08 0.3095958E-08 0.3101374E-08 0.3106694E-08 0.3111935E-08
 0.3843287E+07 0.3063823E-08 0.3069943E-08 0.3075975E-08 0.3081922E-08 0.3087782E-08 0.3093562E-08 0.3099258E-08 0.3104892E-08 0.3110449E-08 0.3115925E-08 0.3121364E-08 0.3126704E-08 0.3131967E-08
 0.3546269E+07 0.3083846E-08 0.3089992E-08 0.3096049E-08 0.3102021E-08 0.3107906E-08 0.3113709E-08 0.3119429E-08 0.3125087E-08 0.3130666E-08 0.3136165E-08 0.3141626E-08 0.3146988E-08 0.3152273E-08
 0.3272205E+07 0.3104143E-08 0.3110315E-08 0.3116398E-08 0.3122395E-08 0.3128304E-08 0.3134132E-08 0.3139876E-08 0.3145557E-08 0.3151160E-08 0.3156682E-08 0.3162165E-08 0.3167550E-08 0.3172856E-08
 0.3019322E+07 0.3124719E-08 0.3130917E-08 0.3137025E-08 0.3143048E-08 0.3148983E-08 0.3154836E-08 0.3160604E-08 0.3166309E-08 0.3171935E-08 0.3177481E-08 0.3182987E-08 0.3188395E-08 0.3193723E-08
 0.2785982E+07 0.3145577E-08 0.3151803E-08 0.3157937E-08 0.3163986E-08 0.3169946E-08 0.3175824E-08 0.3181617E-08 0.3187347E-08 0.3192997E-08 0.3198566E-08 0.3204096E-08 0.3209527E-08 0.3214878E-08
 0.2570675E+07 0.3166724E-08 0.3172977E-08 0.3179138E-08 0.3185214E-08 0.3191200E-08 0.3197103E-08 0.3202921E-08 0.3208676E-08 0.3214351E-08 0.3219944E-08 0.3225498E-08 0.3230952E-08 0.3236326E-08
 0.2372008E+07 0.3188164E-08 0.3194444E-08 0.3200633E-08 0.3206736E-08 0.3212748E-08 0.3218678E-08 0.3224522E-08 0.3230301E-08 0.3236001E-08 0.3241619E-08 0.3247197E-08 0.3252675E-08 0.3258072E-08
 0.2188694E+07 0.3209902E-08 0.3216211E-08 0.3222428E-08 0.3228557E-08 0.3234597E-08 0.3240553E-08 0.3246423E-08 0.3252228E-08 0.3257953E-08 0.3263596E-08 0.3269199E-08 0.3274701E-08 0.3280122E-08
 0.2019547E+07 0.3231944E-08 0.3238282E-08 0.3244526E-08 0.3250684E-08 0.3256751E-08 0.3262734E-08 0.3268630E-08 0.3274462E-08 0.3280212E-08 0.3285880E-08 0.3291508E-08 0.3297035E-08 0.3302480E-08
 0.1863472E+07 0.3254295E-08 0.3260662E-08 0.3266935E-08 0.3273121E-08 0.3279216E-08 0.3285226E-08 0.3291149E-08 0.3297008E-08 0.3302784E-08 0.3308478E-08 0.3314131E-08 0.3319683E-08 0.3325153E-08
 0.1719458E+07 0.3276961E-08 0.3283357E-08 0.3289660E-08 0.3295874E-08 0.3301997E-08 0.3308035E-08 0.3313986E-08 0.3319871E-08 0.3325675E-08 0.3331394E-08 0.3337074E-08 0.3342651E-08 0.3348146E-08
 0.1586575E+07 0.3299947E-08 0.3306373E-08 0.3312706E-08 0.3318949E-08 0.3325101E-08 0.3331167E-08 0.3337145E-08 0.3343058E-08 0.3348889E-08 0.3354635E-08 0.3360341E-08 0.3365944E-08 0.3371464E-08
 0.1463961E+07 0.3323259E-08 0.3329716E-08 0.3336079E-08 0.3342352E-08 0.3348533E-08 0.3354628E-08 0.3360634E-08 0.3366575E-08 0.3372433E-08 0.3378206E-08 0.3383939E-08 0.3389568E-08 0.3395114E-08
 0.1350823E+07 0.3346903E-08 0.3353391E-08 0.3359784E-08 0.3366088E-08 0.3372298E-08 0.3378423E-08 0.3384458E-08 0.3390427E-08 0.3396313E-08 0.3402114E-08 0.3407873E-08 0.3413529E-08 0.3419102E-08
 0.1246428E+07 0.3370885E-08 0.3377405E-08 0.3383830E-08 0.3390164E-08 0.3396404E-08 0.3402558E-08 0.3408623E-08 0.3414621E-08 0.3420535E-08 0.3426364E-08 0.3432151E-08 0.3437834E-08 0.3443433E-08
 0.1150101E+07 0.3395212E-08 0.3401764E-08 0.3408220E-08 0.3414585E-08 0.3420856E-08 0.3427041E-08 0.3433135E-08 0.3439162E-08 0.3445105E-08 0.3450962E-08 0.3456778E-08 0.3462489E-08 0.3468115E-08
 0.1061219E+07 0.3419889E-08 0.3426474E-08 0.3432962E-08 0.3439359E-08 0.3445662E-08 0.3451876E-08 0.3458001E-08 0.3464058E-08 0.3470030E-08 0.3475916E-08 0.3481760E-08 0.3487499E-08 0.3493153E-08
 0.9792057E+06 0.3444924E-08 0.3451542E-08 0.3458063E-08 0.3464492E-08 0.3470826E-08 0.3477072E-08 0.3483227E-08 0.3489314E-08 0.3495317E-08 0.3501232E-08 0.3507105E-08 0.3512873E-08 0.3518555E-08
 0.9035305E+06 0.3470323E-08 0.3476975E-08 0.3483529E-08 0.3489991E-08 0.3496357E-08 0.3502634E-08 0.3508821E-08 0.3514939E-08 0.3520971E-08 0.3526917E-08 0.3532819E-08 0.3538616E-08 0.3544326E-08
 0.8337036E+06 0.3496092E-08 0.3502778E-08 0.3509366E-08 0.3515861E-08 0.3522260E-08 0.3528570E-08 0.3534788E-08 0.3540937E-08 0.3547001E-08 0.3552976E-08 0.3558909E-08 0.3564735E-08 0.3570475E-08
 0.7692732E+06 0.3522239E-08 0.3528961E-08 0.3535583E-08 0.3542112E-08 0.3548544E-08 0.3554887E-08 0.3561137E-08 0.3567318E-08 0.3573413E-08 0.3579419E-08 0.3585382E-08 0.3591238E-08 0.3597007E-08
 0.7098220E+06 0.3548772E-08 0.3555528E-08 0.3562186E-08 0.3568749E-08 0.3575215E-08 0.3581591E-08 0.3587874E-08 0.3594087E-08 0.3600214E-08 0.3606252E-08 0.3612246E-08 0.3618132E-08 0.3623931E-08
 0.6549654E+06 0.3575696E-08 0.3582489E-08 0.3589182E-08 0.3595780E-08 0.3602280E-08 0.3608690E-08 0.3615006E-08 0.3621253E-08 0.3627412E-08 0.3633481E-08 0.3639507E-08 0.3645425E-08 0.3651254E-08
 0.6043482E+06 0.3603021E-08 0.3609851E-08 0.3616579E-08 0.3623213E-08 0.3629748E-08 0.3636193E-08 0.3642542E-08 0.3648822E-08 0.3655014E-08 0.3661116E-08 0.3667174E-08 0.3673123E-08 0.3678984E-08
 0.5576429E+06 0.3630753E-08 0.3637620E-08 0.3644386E-08 0.3651056E-08 0.3657626E-08 0.3664105E-08 0.3670490E-08 0.3676804E-08 0.3683029E-08 0.3689164E-08 0.3695255E-08 0.3701236E-08 0.3707128E-08
 0.5145470E+06 0.3644700E-08 0.3665806E-08 0.3672609E-08 0.3679315E-08 0.3685922E-08 0.3692437E-08 0.3698856E-08 0.3705205E-08 0.3711464E-08 0.3717632E-08 0.3723757E-08 0.3729770E-08 0.3735694E-08
 0.4747817E+06 0.3625203E-08 0.3694416E-08 0.3701257E-08 0.3708001E-08 0.3714644E-08 0.3721195E-08 0.3727650E-08 0.3734034E-08 0.3740328E-08 0.3746530E-08 0.3752688E-08 0.3758734E-08 0.3764691E-08
 0.4380895E+06 0.3606807E-08 0.3723459E-08 0.3730338E-08 0.3737120E-08 0.3743801E-08 0.3750389E-08 0.3756880E-08 0.3763299E-08 0.3769628E-08 0.3775865E-08 0.3782057E-08 0.3788137E-08 0.3794127E-08
 0.4042330E+06 0.3589477E-08 0.3717105E-08 0.3759862E-08 0.3766682E-08 0.3773401E-08 0.3780026E-08 0.3786554E-08 0.3793009E-08 0.3799374E-08 0.3805646E-08 0.3811873E-08 0.3817988E-08 0.3824011E-08
 0.3729929E+06 0.3573176E-08 0.3698374E-08 0.3789836E-08 0.3796695E-08 0.3803453E-08 0.3810116E-08 0.3816681E-08 0.3823173E-08 0.3829574E-08 0.3835883E-08 0.3842145E-08 0.3848294E-08 0.3854352E-08
 0.3441672E+06 0.3557874E-08 0.3680745E-08 0.3786758E-08 0.3827169E-08 0.3833965E-08 0.3840667E-08 0.3847270E-08 0.3853800E-08 0.3860238E-08 0.3866583E-08 0.3872881E-08 0.3879066E-08 0.3885158E-08
 0.3175692E+06 0.3543540E-08 0.3664182E-08 0.3768184E-08 0.3858112E-08 0.3864948E-08 0.3871689E-08 0.3878331E-08 0.3884899E-08 0.3891375E-08 0.3897757E-08 0.3904092E-08 0.3910312E-08 0.3916440E-08
 0.2930268E+06 0.3530146E-08 0.3648652E-08 0.3750728E-08 0.3842032E-08 0.3896411E-08 0.3903192E-08 0.3909873E-08 0.3916480E-08 0.3922994E-08 0.3929413E-08 0.3935786E-08 0.3942043E-08 0.3948207E-08
 0.2703810E+06 0.3517664E-08 0.3634123E-08 0.3734355E-08 0.3823947E-08 0.3905833E-08 0.3935185E-08 0.3941906E-08 0.3948553E-08 0.3955105E-08 0.3961563E-08 0.3967973E-08 0.3974267E-08 0.3980468E-08
 0.2494854E+06 0.3506072E-08 0.3620567E-08 0.3719032E-08 0.3806984E-08 0.3887323E-08 0.3961927E-08 0.3974440E-08 0.3981126E-08 0.3987719E-08 0.3994215E-08 0.4000664E-08 0.4006996E-08 0.4013234E-08
 0.2302046E+06 0.3495345E-08 0.3607956E-08 0.3704727E-08 0.3791109E-08 0.3869966E-08 0.3943155E-08 0.4007485E-08 0.4014212E-08 0.4020845E-08 0.4027380E-08 0.4033869E-08 0.4040239E-08 0.4046515E-08
 0.2124139E+06 0.3485461E-08 0.3596264E-08 0.3691412E-08 0.3776289E-08 0.3853728E-08 0.3925562E-08 0.3992888E-08 0.4047820E-08 0.4054494E-08 0.4061070E-08 0.4067598E-08 0.4074008E-08 0.4080322E-08
 0.1959980E+06 0.3476400E-08 0.3585468E-08 0.3679059E-08 0.3762494E-08 0.3838574E-08 0.3909110E-08 0.3975189E-08 0.4037824E-08 0.4088677E-08 0.4095294E-08 0.4101862E-08 0.4108312E-08 0.4114665E-08
 0.1808509E+06 0.3468144E-08 0.3575546E-08 0.3667642E-08 0.3749694E-08 0.3824472E-08 0.3893767E-08 0.3958651E-08 0.4020127E-08 0.4078559E-08 0.4130063E-08 0.4136674E-08 0.4143163E-08 0.4149557E-08
 0.1668743E+06 0.3460674E-08 0.3566476E-08 0.3657137E-08 0.3737864E-08 0.3811394E-08 0.3879498E-08 0.3943238E-08 0.4003605E-08 0.4060960E-08 0.4115696E-08 0.4168525E-08 0.4178574E-08 0.4185007E-08
 0.1539779E+06 0.3453974E-08 0.3558239E-08 0.3647524E-08 0.3726978E-08 0.3799311E-08 0.3866274E-08 0.3928919E-08 0.3988224E-08 0.4044547E-08 0.4098278E-08 0.4150119E-08 0.4199747E-08 0.4221029E-08
 0.1420782E+06 0.3448028E-08 0.3550817E-08 0.3638779E-08 0.3717013E-08 0.3788197E-08 0.3854068E-08 0.3915663E-08 0.3973950E-08 0.4029285E-08 0.4082055E-08 0.4132950E-08 0.4181656E-08 0.4228552E-08
 0.1310980E+06 0.3442823E-08 0.3544193E-08 0.3630885E-08 0.3707947E-08 0.3778030E-08 0.3842852E-08 0.3903441E-08 0.3960752E-08 0.4015142E-08 0.4066991E-08 0.4116981E-08 0.4164805E-08 0.4210838E-08
 0.1209665E+06 0.3438344E-08 0.3538350E-08 0.3623823E-08 0.3699759E-08 0.3768786E-08 0.3832601E-08 0.3892225E-08 0.3948603E-08 0.4002086E-08 0.4053053E-08 0.4102177E-08 0.4149157E-08 0.4194364E-08
 0.1116179E+06 0.3434581E-08 0.3533275E-08 0.3617577E-08 0.3692432E-08 0.3760444E-08 0.3823294E-08 0.3881993E-08 0.3937474E-08 0.3990089E-08 0.4040211E-08 0.4088505E-08 0.4134677E-08 0.4179093E-08
 0.1029919E+06 0.3431520E-08 0.3528954E-08 0.3612130E-08 0.3685947E-08 0.3752985E-08 0.3814909E-08 0.3872720E-08 0.3927342E-08 0.3979123E-08 0.4028436E-08 0.4075935E-08 0.4121333E-08 0.4164992E-08
 0.9503241E+05 0.3429152E-08 0.3525375E-08 0.3607468E-08 0.3680288E-08 0.3746391E-08 0.3807425E-08 0.3864384E-08 0.3918183E-08 0.3969165E-08 0.4017702E-08 0.4064439E-08 0.4109096E-08 0.4152029E-08
 0.8768810E+05 0.3427466E-08 0.3522524E-08 0.3603578E-08 0.3675440E-08 0.3740644E-08 0.3800825E-08 0.3856967E-08 0.3909974E-08 0.3960191E-08 0.4007983E-08 0.4053990E-08 0.4097936E-08 0.4140175E-08
 0.8091137E+05 0.3426455E-08 0.3520393E-08 0.3600447E-08 0.3671389E-08 0.3735730E-08 0.3795092E-08 0.3850448E-08 0.3902697E-08 0.3952179E-08 0.3999257E-08 0.4044563E-08 0.4087829E-08 0.4129402E-08
 0.7465836E+05 0.3426110E-08 0.3518971E-08 0.3598064E-08 0.3668122E-08 0.3731634E-08 0.3790209E-08 0.3844812E-08 0.3896332E-08 0.3945108E-08 0.3991502E-08 0.4036137E-08 0.4078749E-08 0.4119684E-08
 0.6888860E+05 0.3426424E-08 0.3518250E-08 0.3596419E-08 0.3665627E-08 0.3728343E-08 0.3786161E-08 0.3840041E-08 0.3890862E-08 0.3938962E-08 0.3984699E-08 0.4028689E-08 0.4070675E-08 0.4110998E-08
 0.6356473E+05 0.3427390E-08 0.3518220E-08 0.3595502E-08 0.3663893E-08 0.3725844E-08 0.3782936E-08 0.3836121E-08 0.3886271E-08 0.3933721E-08 0.3978828E-08 0.4022200E-08 0.4063585E-08 0.4103321E-08
 0.5865231E+05 0.3429002E-08 0.3518875E-08 0.3595304E-08 0.3662910E-08 0.3724127E-08 0.3780521E-08 0.3833039E-08 0.3882544E-08 0.3929371E-08 0.3973872E-08 0.4016651E-08 0.4057460E-08 0.4096634E-08
 0.5411953E+05 0.3431256E-08 0.3520209E-08 0.3595818E-08 0.3662670E-08 0.3723180E-08 0.3778905E-08 0.3830782E-08 0.3879668E-08 0.3925896E-08 0.3969817E-08 0.4012027E-08 0.4052283E-08 0.4090916E-08
 0.4993705E+05 0.3434146E-08 0.3522215E-08 0.3597036E-08 0.3663164E-08 0.3722996E-08 0.3778077E-08 0.3829338E-08 0.3877630E-08 0.3923284E-08 0.3966647E-08 0.4008310E-08 0.4048036E-08 0.4086152E-08
 0.4607781E+05 0.3437668E-08 0.3524888E-08 0.3598952E-08 0.3664384E-08 0.3723564E-08 0.3778027E-08 0.3828698E-08 0.3876419E-08 0.3921521E-08 0.3964349E-08 0.4005489E-08 0.4044705E-08 0.4082324E-08
 0.4251681E+05 0.3441821E-08 0.3528225E-08 0.3601562E-08 0.3666324E-08 0.3724879E-08 0.3778748E-08 0.3828851E-08 0.3876025E-08 0.3920597E-08 0.3962912E-08 0.4003548E-08 0.4042276E-08 0.4079418E-08
 0.3923102E+05 0.3446600E-08 0.3532220E-08 0.3604859E-08 0.3668980E-08 0.3726933E-08 0.3780232E-08 0.3829790E-08 0.3876438E-08 0.3920502E-08 0.3962323E-08 0.4002476E-08 0.4040736E-08 0.4077420E-08
 0.3619916E+05 0.3452004E-08 0.3536872E-08 0.3608840E-08 0.3672344E-08 0.3729721E-08 0.3782472E-08 0.3831507E-08 0.3877650E-08 0.3921226E-08 0.3962574E-08 0.4002264E-08 0.4040073E-08 0.4076318E-08
 0.3340161E+05 0.3458031E-08 0.3542177E-08 0.3613501E-08 0.3676414E-08 0.3733236E-08 0.3785463E-08 0.3833996E-08 0.3879654E-08 0.3922761E-08 0.3963655E-08 0.4002900E-08 0.4040277E-08 0.4076101E-08
 0.3082026E+05 0.3464681E-08 0.3548135E-08 0.3618841E-08 0.3681185E-08 0.3737476E-08 0.3789199E-08 0.3837249E-08 0.3882442E-08 0.3925100E-08 0.3965558E-08 0.4004376E-08 0.4041339E-08 0.4076759E-08
 0.2843840E+05 0.3471953E-08 0.3554742E-08 0.3624856E-08 0.3686656E-08 0.3742437E-08 0.3793675E-08 0.3841264E-08 0.3886010E-08 0.3928237E-08 0.3968277E-08 0.4006685E-08 0.4043251E-08 0.4078283E-08
 0.2624062E+05 0.3479847E-08 0.3562000E-08 0.3631546E-08 0.3692823E-08 0.3748115E-08 0.3798889E-08 0.3846034E-08 0.3890353E-08 0.3932165E-08 0.3971804E-08 0.4009820E-08 0.4046004E-08 0.4080664E-08
 0.2421268E+05 0.3488364E-08 0.3569907E-08 0.3638909E-08 0.3699686E-08 0.3754508E-08 0.3804838E-08 0.3851557E-08 0.3895465E-08 0.3936881E-08 0.3976135E-08 0.4013774E-08 0.4049593E-08 0.4083896E-08
 0.2234147E+05 0.3497505E-08 0.3578465E-08 0.3646946E-08 0.3707243E-08 0.3761616E-08 0.3811519E-08 0.3857831E-08 0.3901345E-08 0.3942381E-08 0.3981266E-08 0.4018544E-08 0.4054012E-08 0.4087973E-08
 0.2061487E+05 0.3507272E-08 0.3587674E-08 0.3655656E-08 0.3715494E-08 0.3769437E-08 0.3818931E-08 0.3864852E-08 0.3907990E-08 0.3948660E-08 0.3987192E-08 0.4024124E-08 0.4059256E-08 0.4092890E-08
 0.1902171E+05 0.3517667E-08 0.3597536E-08 0.3665041E-08 0.3724439E-08 0.3777970E-08 0.3827073E-08 0.3872621E-08 0.3915397E-08 0.3955718E-08 0.3993911E-08 0.4030511E-08 0.4065321E-08 0.4098641E-08
 0.1755167E+05 0.3528693E-08 0.3608052E-08 0.3675102E-08 0.3734079E-08 0.3787216E-08 0.3835946E-08 0.3881135E-08 0.3923565E-08 0.3963552E-08 0.4001421E-08 0.4037703E-08 0.4072205E-08 0.4105224E-08
 0.1619524E+05 0.3540352E-08 0.3619226E-08 0.3685840E-08 0.3744416E-08 0.3797177E-08 0.3845548E-08 0.3890395E-08 0.3932494E-08 0.3972161E-08 0.4009720E-08 0.4045698E-08 0.4079904E-08 0.4112635E-08
 0.1494364E+05 0.3552649E-08 0.3631060E-08 0.3697259E-08 0.3755452E-08 0.3807852E-08 0.3855882E-08 0.3900401E-08 0.3942184E-08 0.3981545E-08 0.4018807E-08 0.4054494E-08 0.4088418E-08 0.4120872E-08
 0.1378876E+05 0.3565586E-08 0.3643556E-08 0.3709360E-08 0.3767187E-08 0.3819245E-08 0.3866948E-08 0.3911154E-08 0.3952635E-08 0.3991703E-08 0.4028681E-08 0.4064090E-08 0.4097744E-08 0.4129935E-08
 0.1272313E+05 0.3579169E-08 0.3656720E-08 0.3722147E-08 0.3779626E-08 0.3831356E-08 0.3878747E-08 0.3922655E-08 0.3963848E-08 0.4002637E-08 0.4039343E-08 0.4074486E-08 0.4107882E-08 0.4139820E-08
 0.1173986E+05 0.3593400E-08 0.3670554E-08 0.3735623E-08 0.3792771E-08 0.3844189E-08 0.3891283E-08 0.3934907E-08 0.3975823E-08 0.4014346E-08 0.4050793E-08 0.4085682E-08 0.4118831E-08 0.4150529E-08
 0.1083258E+05 0.3608285E-08 0.3685062E-08 0.3749791E-08 0.3806624E-08 0.3857745E-08 0.3904557E-08 0.3947909E-08 0.3988563E-08 0.4026831E-08 0.4063032E-08 0.4097678E-08 0.4130591E-08 0.4162059E-08
 0.9995412E+04 0.3623828E-08 0.3700248E-08 0.3764655E-08 0.3821188E-08 0.3872028E-08 0.3918571E-08 0.3961665E-08 0.4002069E-08 0.4040094E-08 0.4076059E-08 0.4110475E-08 0.4143163E-08 0.4174411E-08
 0.9222945E+04 0.3640033E-08 0.3716115E-08 0.3780217E-08 0.3836467E-08 0.3887038E-08 0.3933326E-08 0.3976175E-08 0.4016341E-08 0.4054136E-08 0.4089876E-08 0.4124071E-08 0.4156545E-08 0.4187584E-08
 0.8510175E+04 0.3656903E-08 0.3732667E-08 0.3796480E-08 0.3852462E-08 0.3902779E-08 0.3948824E-08 0.3991440E-08 0.4031380E-08 0.4068955E-08 0.4104482E-08 0.4138467E-08 0.4170737E-08 0.4201576E-08
 0.7852490E+04 0.3674441E-08 0.3749906E-08 0.3813447E-08 0.3869174E-08 0.3919251E-08 0.3965066E-08 0.4007460E-08 0.4047185E-08 0.4084552E-08 0.4119875E-08 0.4153661E-08 0.4185737E-08 0.4216386E-08
 0.7245632E+04 0.3692648E-08 0.3767832E-08 0.3831116E-08 0.3886603E-08 0.3936453E-08 0.3982050E-08 0.4024234E-08 0.4063755E-08 0.4100924E-08 0.4136054E-08 0.4169650E-08 0.4201540E-08 0.4232009E-08
 0.6685674E+04 0.3711524E-08 0.3786444E-08 0.3849487E-08 0.3904748E-08 0.3954382E-08 0.3999773E-08 0.4041758E-08 0.4081086E-08 0.4118066E-08 0.4153013E-08 0.4186428E-08 0.4218143E-08 0.4248439E-08
 0.6168990E+04 0.3731067E-08 0.3805739E-08 0.3868555E-08 0.3923602E-08 0.3973034E-08 0.4018229E-08 0.4060026E-08 0.4099170E-08 0.4135971E-08 0.4170744E-08 0.4203988E-08 0.4235535E-08 0.4265667E-08
 0.5692237E+04 0.3751269E-08 0.3825710E-08 0.3888311E-08 0.3943157E-08 0.3992397E-08 0.4037408E-08 0.4079026E-08 0.4117996E-08 0.4154628E-08 0.4189235E-08 0.4222315E-08 0.4253703E-08 0.4283679E-08
 0.5252328E+04 0.3772119E-08 0.3846343E-08 0.3908743E-08 0.3963399E-08 0.4012457E-08 0.4057293E-08 0.4098742E-08 0.4137546E-08 0.4174017E-08 0.4208466E-08 0.4241391E-08 0.4272627E-08 0.4302454E-08
 0.4846417E+04 0.3793598E-08 0.3867617E-08 0.3929828E-08 0.3984304E-08 0.4033191E-08 0.4077860E-08 0.4119148E-08 0.4157795E-08 0.4194111E-08 0.4228410E-08 0.4261187E-08 0.4292278E-08 0.4321963E-08
 0.4471875E+04 0.3815676E-08 0.3889503E-08 0.3951534E-08 0.4005840E-08 0.4054562E-08 0.4099074E-08 0.4140207E-08 0.4178704E-08 0.4214873E-08 0.4249028E-08 0.4281663E-08 0.4312615E-08 0.4342163E-08
 0.4126278E+04 0.3838311E-08 0.3911955E-08 0.3973815E-08 0.4027957E-08 0.4076523E-08 0.4120882E-08 0.4161868E-08 0.4200220E-08 0.4236247E-08 0.4270263E-08 0.4302761E-08 0.4333579E-08 0.4362995E-08
 0.3807390E+04 0.3861441E-08 0.3934909E-08 0.3996603E-08 0.4050587E-08 0.4099000E-08 0.4143212E-08 0.4184054E-08 0.4222265E-08 0.4258155E-08 0.4292036E-08 0.4324400E-08 0.4355087E-08 0.4384375E-08
 0.3513147E+04 0.3887612E-08 0.3961004E-08 0.4022620E-08 0.4076523E-08 0.4124854E-08 0.4168983E-08 0.4209742E-08 0.4247870E-08 0.4283677E-08 0.4317474E-08 0.4349755E-08 0.4380359E-08 0.4409565E-08
 0.3241643E+04 0.3918582E-08 0.3992065E-08 0.4053742E-08 0.4107690E-08 0.4156053E-08 0.4200204E-08 0.4240977E-08 0.4279114E-08 0.4314924E-08 0.4348722E-08 0.4380998E-08 0.4411596E-08 0.4440793E-08
 0.2991122E+04 0.3949785E-08 0.4023350E-08 0.4085083E-08 0.4139068E-08 0.4187456E-08 0.4231624E-08 0.4272407E-08 0.4310548E-08 0.4346357E-08 0.4380151E-08 0.4412419E-08 0.4443007E-08 0.4472190E-08
 0.2759961E+04 0.3981027E-08 0.4054659E-08 0.4116433E-08 0.4170444E-08 0.4218847E-08 0.4263021E-08 0.4303805E-08 0.4341941E-08 0.4377741E-08 0.4411522E-08 0.4443775E-08 0.4474345E-08 0.4503508E-08
 0.2546665E+04 0.4012028E-08 0.4085700E-08 0.4147493E-08 0.4201511E-08 0.4249911E-08 0.4294075E-08 0.4334843E-08 0.4372960E-08 0.4408738E-08 0.4442493E-08 0.4474719E-08 0.4505258E-08 0.4534390E-08
 0.2349853E+04 0.4042396E-08 0.4116068E-08 0.4177846E-08 0.4231839E-08 0.4280209E-08 0.4324338E-08 0.4365067E-08 0.4403142E-08 0.4438877E-08 0.4472587E-08 0.4504765E-08 0.4535256E-08 0.4564339E-08
 0.2168251E+04 0.4082142E-08 0.4156136E-08 0.4218174E-08 0.4272386E-08 0.4320945E-08 0.4365241E-08 0.4406121E-08 0.4444333E-08 0.4480192E-08 0.4514017E-08 0.4546302E-08 0.4576892E-08 0.4606067E-08
 0.2000684E+04 0.4135207E-08 0.4209981E-08 0.4272669E-08 0.4327444E-08 0.4376505E-08 0.4421258E-08 0.4462557E-08 0.4501158E-08 0.4537381E-08 0.4571548E-08 0.4604158E-08 0.4635056E-08 0.4664523E-08
 0.1846067E+04 0.4197566E-08 0.4273430E-08 0.4337030E-08 0.4392601E-08 0.4442375E-08 0.4487778E-08 0.4529675E-08 0.4568836E-08 0.4605584E-08 0.4640246E-08 0.4673328E-08 0.4704673E-08 0.4734566E-08
 0.1703399E+04 0.4267160E-08 0.4344347E-08 0.4409057E-08 0.4465602E-08 0.4516247E-08 0.4562445E-08 0.4605078E-08 0.4644927E-08 0.4682321E-08 0.4717593E-08 0.4751258E-08 0.4783154E-08 0.4813574E-08
 0.1571756E+04 0.4342814E-08 0.4421515E-08 0.4487499E-08 0.4545158E-08 0.4596805E-08 0.4643919E-08 0.4687398E-08 0.4728039E-08 0.4766178E-08 0.4802153E-08 0.4836490E-08 0.4869025E-08 0.4900055E-08
 0.1450288E+04 0.4423839E-08 0.4504220E-08 0.4571617E-08 0.4630517E-08 0.4683278E-08 0.4731410E-08 0.4775832E-08 0.4817356E-08 0.4856326E-08 0.4893086E-08 0.4928174E-08 0.4961421E-08 0.4993131E-08
 0.1338206E+04 0.4509808E-08 0.4592018E-08 0.4660958E-08 0.4721210E-08 0.4775187E-08 0.4824432E-08 0.4869883E-08 0.4912373E-08 0.4952251E-08 0.4989870E-08 0.5025779E-08 0.5059806E-08 0.5092262E-08
 0.1234787E+04 0.4600456E-08 0.4684637E-08 0.4755238E-08 0.4816948E-08 0.4872236E-08 0.4922682E-08 0.4969245E-08 0.5012777E-08 0.5053636E-08 0.5092182E-08 0.5128980E-08 0.5163850E-08 0.5197112E-08
 0.1139360E+04 0.4695622E-08 0.4781908E-08 0.4854285E-08 0.4917554E-08 0.4974245E-08 0.5025976E-08 0.5073730E-08 0.5118378E-08 0.5160287E-08 0.5199828E-08 0.5237577E-08 0.5273351E-08 0.5307477E-08
 0.1051307E+04 0.4795213E-08 0.4883737E-08 0.4958000E-08 0.5022928E-08 0.5081111E-08 0.5134209E-08 0.5183230E-08 0.5229066E-08 0.5272095E-08 0.5312694E-08 0.5351456E-08 0.5388194E-08 0.5423241E-08
 0.9700599E+03 0.4899182E-08 0.4990072E-08 0.5066333E-08 0.5133017E-08 0.5192781E-08 0.5247327E-08 0.5297690E-08 0.5344785E-08 0.5389000E-08 0.5430722E-08 0.5470559E-08 0.5508318E-08 0.5544343E-08
 0.8950915E+03 0.5007511E-08 0.5100896E-08 0.5179264E-08 0.5247800E-08 0.5309232E-08 0.5365308E-08 0.5417087E-08 0.5465513E-08 0.5510981E-08 0.5553889E-08 0.5594862E-08 0.5633701E-08 0.5670759E-08
 0.8259169E+03 0.5120205E-08 0.5216214E-08 0.5296799E-08 0.5367284E-08 0.5430473E-08 0.5488158E-08 0.5541430E-08 0.5591258E-08 0.5638045E-08 0.5682203E-08 0.5724374E-08 0.5764351E-08 0.5802497E-08
 0.7620882E+03 0.5237254E-08 0.5336016E-08 0.5418926E-08 0.5491457E-08 0.5556489E-08 0.5615864E-08 0.5670704E-08 0.5722003E-08 0.5770178E-08 0.5815649E-08 0.5859078E-08 0.5900251E-08 0.5939542E-08
 0.7031923E+03 0.5358667E-08 0.5460309E-08 0.5545655E-08 0.5620328E-08 0.5687291E-08 0.5748437E-08 0.5804920E-08 0.5857761E-08 0.5907389E-08 0.5954237E-08 0.5998985E-08 0.6041413E-08 0.6081905E-08
 0.6488481E+03 0.5495321E-08 0.5589082E-08 0.5676971E-08 0.5753883E-08 0.5822862E-08 0.5885860E-08 0.5944059E-08 0.5998513E-08 0.6049662E-08 0.6097950E-08 0.6144078E-08 0.6187819E-08 0.6229566E-08
 0.5987037E+03 0.5663195E-08 0.5722291E-08 0.5812829E-08 0.5892074E-08 0.5963156E-08 0.6028083E-08 0.6088073E-08 0.6144209E-08 0.6196943E-08 0.6246734E-08 0.6294301E-08 0.6339411E-08 0.6382470E-08
 0.5524345E+03 0.5838019E-08 0.5859845E-08 0.5953135E-08 0.6034803E-08 0.6108071E-08 0.6175004E-08 0.6236855E-08 0.6294739E-08 0.6349122E-08 0.6400475E-08 0.6449539E-08 0.6496074E-08 0.6540496E-08
 0.5097411E+03 0.6020160E-08 0.6020160E-08 0.6097712E-08 0.6181889E-08 0.6257420E-08 0.6326430E-08 0.6403232E-08 0.6449904E-08 0.6511621E-08 0.6558966E-08 0.6609583E-08 0.6657593E-08 0.6703429E-08
 0.4703472E+03 0.6210008E-08 0.6210008E-08 0.6246257E-08 0.6333019E-08 0.6456962E-08 0.6482032E-08 0.6610616E-08 0.6610616E-08 0.6724084E-08 0.6724084E-08 0.6814778E-08 0.6823601E-08 0.6890691E-08
 0.4339977E+03 0.6407977E-08 0.6407977E-08 0.6407977E-08 0.6487665E-08 0.6666288E-08 0.6666288E-08 0.6827140E-08 0.6827140E-08 0.6945991E-08 0.6945991E-08 0.7041026E-08 0.7041026E-08 0.7120601E-08
 0.4004574E+03 0.6614509E-08 0.6614509E-08 0.6614509E-08 0.6644935E-08 0.6884840E-08 0.6884840E-08 0.7053321E-08 0.7053321E-08 0.7177878E-08 0.7177878E-08 0.7277520E-08 0.7277520E-08 0.7360981E-08
 0.3695092E+03 0.6830075E-08 0.6830075E-08 0.6830075E-08 0.6830075E-08 0.7113138E-08 0.7113138E-08 0.7289708E-08 0.7289708E-08 0.7420321E-08 0.7420321E-08 0.7524854E-08 0.7524854E-08 0.7612443E-08
 0.3409527E+03 0.7055179E-08 0.7055179E-08 0.7055179E-08 0.7055179E-08 0.7351736E-08 0.7351736E-08 0.7536889E-08 0.7536889E-08 0.7673933E-08 0.7673933E-08 0.7783663E-08 0.7783663E-08 0.7875642E-08
 0.3146031E+03 0.7290359E-08 0.7290359E-08 0.7290359E-08 0.7290359E-08 0.7601228E-08 0.7601228E-08 0.7795495E-08 0.7795495E-08 0.7939374E-08 0.7939374E-08 0.8054631E-08 0.8054631E-08 0.8151279E-08
 0.2902899E+03 0.7536188E-08 0.7536188E-08 0.7536188E-08 0.7536188E-08 0.7862248E-08 0.7862248E-08 0.8066201E-08 0.8066201E-08 0.8217349E-08 0.8217349E-08 0.8338488E-08 0.8338488E-08 0.8440108E-08
 0.2678557E+03 0.7559095E-08 0.7721797E-08 0.7793282E-08 0.7793282E-08 0.8088020E-08 0.8135476E-08 0.8279392E-08 0.8349731E-08 0.8446990E-08 0.8508617E-08 0.8597507E-08 0.8636021E-08 0.8734343E-08
 0.2471552E+03 0.7815582E-08 0.7986194E-08 0.8062298E-08 0.8062298E-08 0.8370584E-08 0.8421644E-08 0.8571649E-08 0.8646863E-08 0.8747849E-08 0.8813992E-08 0.8906181E-08 0.8948075E-08 0.9050195E-08
 0.2280545E+03 0.8083404E-08 0.8262392E-08 0.8343942E-08 0.8343942E-08 0.8666047E-08 0.8721534E-08 0.8877405E-08 0.8958433E-08 0.9062746E-08 0.9134351E-08 0.9229389E-08 0.9275559E-08 0.9381043E-08
 0.2104299E+03 0.8362970E-08 0.8550826E-08 0.8638969E-08 0.8638969E-08 0.8974900E-08 0.9035987E-08 0.9197181E-08 0.9285339E-08 0.9392231E-08 0.9470636E-08 0.9567710E-08 0.9619455E-08 0.9727489E-08
 0.1941674E+03 0.8654595E-08 0.8851829E-08 0.8948192E-08 0.8948192E-08 0.9297523E-08 0.9365909E-08 0.9531386E-08 0.9628549E-08 0.9736741E-08 0.9823864E-08 0.9921601E-08 0.9980817E-08 0.1009002E-07
 0.1791617E+03 0.8958441E-08 0.9165575E-08 0.9272483E-08 0.9272483E-08 0.9634121E-08 0.9712274E-08 0.9880241E-08 0.9989106E-08 0.1009651E-07 0.1019513E-07 0.1029132E-07 0.1036079E-07 0.1046889E-07
 0.1653157E+03 0.9274421E-08 0.9491976E-08 0.9612779E-08 0.9612779E-08 0.9984609E-08 0.1007613E-07 0.1024367E-07 0.1036089E-07 0.1047146E-07 0.1057628E-07 0.1067678E-07 0.1076060E-07 0.1086405E-07
 0.1525398E+03 0.9602084E-08 0.9830564E-08 0.9970090E-08 0.9970090E-08 0.1034847E-07 0.1045861E-07 0.1062113E-07 0.1074457E-07 0.1086105E-07 0.1097149E-07 0.1107743E-07 0.1117829E-07 0.1127491E-07
 0.1407511E+03 0.9940457E-08 0.1018032E-07 0.1034550E-07 0.1034550E-07 0.1072459E-07 0.1086094E-07 0.1101144E-07 0.1114137E-07 0.1126403E-07 0.1138036E-07 0.1149198E-07 0.1159827E-07 0.1170013E-07
 0.1298736E+03 0.1028787E-07 0.1053948E-07 0.1074019E-07 0.1074019E-07 0.1111101E-07 0.1126729E-07 0.1141254E-07 0.1154920E-07 0.1167824E-07 0.1180068E-07 0.1191819E-07 0.1203011E-07 0.1213740E-07
 0.1198367E+03 0.1064178E-07 0.1090539E-07 0.1112900E-07 0.1115542E-07 0.1150474E-07 0.1166877E-07 0.1182127E-07 0.1196481E-07 0.1210039E-07 0.1222906E-07 0.1235259E-07 0.1247028E-07 0.1258312E-07
 0.1105754E+03 0.1099868E-07 0.1127434E-07 0.1150829E-07 0.1159256E-07 0.1190164E-07 0.1207346E-07 0.1223326E-07 0.1238370E-07 0.1252585E-07 0.1266079E-07 0.1279037E-07 0.1291387E-07 0.1303230E-07
 0.1020299E+03 0.1135420E-07 0.1164171E-07 0.1188583E-07 0.1205309E-07 0.1229652E-07 0.1247600E-07 0.1264298E-07 0.1280022E-07 0.1294883E-07 0.1308994E-07 0.1322548E-07 0.1335467E-07 0.1347860E-07
 0.9414481E+02 0.1170343E-07 0.1200233E-07 0.1225622E-07 0.1248058E-07 0.1268354E-07 0.1287037E-07 0.1304422E-07 0.1320798E-07 0.1336278E-07 0.1350980E-07 0.1365104E-07 0.1378570E-07 0.1391489E-07
 0.8686909E+02 0.1204159E-07 0.1235114E-07 0.1261415E-07 0.1284663E-07 0.1305699E-07 0.1325067E-07 0.1343092E-07 0.1360075E-07 0.1376130E-07 0.1391381E-07 0.1406035E-07 0.1420009E-07 0.1433416E-07
 0.8015566E+02 0.1236489E-07 0.1268413E-07 0.1295542E-07 0.1319526E-07 0.1341232E-07 0.1361218E-07 0.1379821E-07 0.1397351E-07 0.1413926E-07 0.1429671E-07 0.1444802E-07 0.1459231E-07 0.1473078E-07
 0.7396105E+02 0.1267126E-07 0.1299909E-07 0.1327770E-07 0.1352403E-07 0.1374698E-07 0.1395228E-07 0.1414339E-07 0.1432347E-07 0.1449376E-07 0.1465553E-07 0.1481100E-07 0.1495927E-07 0.1510155E-07
 0.6824518E+02 0.1296068E-07 0.1329596E-07 0.1358092E-07 0.1383286E-07 0.1406088E-07 0.1427085E-07 0.1446631E-07 0.1465049E-07 0.1482465E-07 0.1499010E-07 0.1514911E-07 0.1530074E-07 0.1544626E-07
 0.6297104E+02 0.1323495E-07 0.1357666E-07 0.1386706E-07 0.1412378E-07 0.1435611E-07 0.1457004E-07 0.1476918E-07 0.1495681E-07 0.1513423E-07 0.1530277E-07 0.1546473E-07 0.1561918E-07 0.1576739E-07
 0.5810450E+02 0.1349718E-07 0.1384443E-07 0.1413948E-07 0.1440029E-07 0.1463629E-07 0.1485357E-07 0.1505581E-07 0.1524634E-07 0.1542648E-07 0.1559760E-07 0.1576202E-07 0.1591881E-07 0.1606925E-07
 0.5361405E+02 0.1375101E-07 0.1410310E-07 0.1440221E-07 0.1466654E-07 0.1490570E-07 0.1512585E-07 0.1533073E-07 0.1552373E-07 0.1570619E-07 0.1587948E-07 0.1604597E-07 0.1620471E-07 0.1635701E-07
 0.4947064E+02 0.1400014E-07 0.1435655E-07 0.1465926E-07 0.1492671E-07 0.1516865E-07 0.1539132E-07 0.1559850E-07 0.1579365E-07 0.1597810E-07 0.1615326E-07 0.1632153E-07 0.1648195E-07 0.1663584E-07
 0.4564744E+02 0.1424787E-07 0.1460827E-07 0.1491427E-07 0.1518457E-07 0.1542902E-07 0.1565396E-07 0.1586322E-07 0.1606029E-07 0.1624653E-07 0.1642336E-07 0.1659321E-07 0.1675511E-07 0.1691040E-07
 0.4211970E+02 0.1449706E-07 0.1486123E-07 0.1517033E-07 0.1544331E-07 0.1569012E-07 0.1591719E-07 0.1612838E-07 0.1632724E-07 0.1651513E-07 0.1669350E-07 0.1686480E-07 0.1702806E-07 0.1718464E-07
 0.3886460E+02 0.1475003E-07 0.1511787E-07 0.1543000E-07 0.1570557E-07 0.1595466E-07 0.1618378E-07 0.1639683E-07 0.1659740E-07 0.1678687E-07 0.1696672E-07 0.1713941E-07 0.1730397E-07 0.1746177E-07
 0.3586106E+02 0.1500868E-07 0.1538019E-07 0.1569532E-07 0.1597346E-07 0.1622482E-07 0.1645596E-07 0.1667086E-07 0.1687312E-07 0.1706416E-07 0.1724547E-07 0.1741952E-07 0.1758536E-07 0.1774435E-07
 0.3308964E+02 0.1527455E-07 0.1564977E-07 0.1596795E-07 0.1624869E-07 0.1650235E-07 0.1673555E-07 0.1695231E-07 0.1715629E-07 0.1734891E-07 0.1753168E-07 0.1770712E-07 0.1787424E-07 0.1803445E-07
 0.3053240E+02 0.1554892E-07 0.1592796E-07 0.1624926E-07 0.1653268E-07 0.1678869E-07 0.1702400E-07 0.1724268E-07 0.1744842E-07 0.1764267E-07 0.1782695E-07 0.1800381E-07 0.1817226E-07 0.1833372E-07
 0.2817278E+02 0.1583287E-07 0.1621586E-07 0.1654040E-07 0.1682660E-07 0.1708505E-07 0.1732256E-07 0.1754323E-07 0.1775079E-07 0.1794674E-07 0.1813260E-07 0.1831093E-07 0.1848077E-07 0.1864352E-07
 0.2599553E+02 0.1612736E-07 0.1651446E-07 0.1684238E-07 0.1713149E-07 0.1739249E-07 0.1763228E-07 0.1785504E-07 0.1806452E-07 0.1826224E-07 0.1844975E-07 0.1862964E-07 0.1880092E-07 0.1896505E-07
 0.2398654E+02 0.1643325E-07 0.1682466E-07 0.1715612E-07 0.1744826E-07 0.1771195E-07 0.1795415E-07 0.1817909E-07 0.1839059E-07 0.1859018E-07 0.1877943E-07 0.1896096E-07 0.1913377E-07 0.1929934E-07
 0.2213280E+02 0.1675137E-07 0.1714730E-07 0.1748248E-07 0.1777782E-07 0.1804432E-07 0.1828906E-07 0.1851630E-07 0.1872994E-07 0.1893149E-07 0.1912258E-07 0.1930584E-07 0.1948028E-07 0.1964737E-07
 0.2042233E+02 0.1708254E-07 0.1748320E-07 0.1782229E-07 0.1812100E-07 0.1839047E-07 0.1863788E-07 0.1886756E-07 0.1908344E-07 0.1928708E-07 0.1948011E-07 0.1966521E-07 0.1984137E-07 0.2001008E-07
 0.1884405E+02 0.1742755E-07 0.1783321E-07 0.1817641E-07 0.1847866E-07 0.1875126E-07 0.1900149E-07 0.1923375E-07 0.1945200E-07 0.1965785E-07 0.1985294E-07 0.2003998E-07 0.2021796E-07 0.2038840E-07
 0.1738774E+02 0.1778725E-07 0.1819815E-07 0.1854569E-07 0.1885167E-07 0.1912757E-07 0.1938078E-07 0.1961575E-07 0.1983652E-07 0.2004470E-07 0.2024197E-07 0.2043107E-07 0.2061099E-07 0.2078325E-07
 0.1604398E+02 0.1816248E-07 0.1857891E-07 0.1893101E-07 0.1924093E-07 0.1952032E-07 0.1977667E-07 0.2001451E-07 0.2023794E-07 0.2044859E-07 0.2064816E-07 0.2083945E-07 0.2102141E-07 0.2119562E-07
 0.1480406E+02 0.1855417E-07 0.1897641E-07 0.1933332E-07 0.1964738E-07 0.1993045E-07 0.2019012E-07 0.2043100E-07 0.2065723E-07 0.2087049E-07 0.2107251E-07 0.2126611E-07 0.2145025E-07 0.2162651E-07
 0.1365997E+02 0.1896327E-07 0.1939162E-07 0.1975359E-07 0.2007204E-07 0.2035898E-07 0.2062215E-07 0.2086623E-07 0.2109544E-07 0.2131146E-07 0.2151606E-07 0.2171211E-07 0.2189855E-07 0.2207699E-07
 0.1260430E+02 0.1939080E-07 0.1982559E-07 0.2019289E-07 0.2051595E-07 0.2080698E-07 0.2107385E-07 0.2132131E-07 0.2155365E-07 0.2177260E-07 0.2197994E-07 0.2217857E-07 0.2236745E-07 0.2254820E-07
 0.1163021E+02 0.1983785E-07 0.2027942E-07 0.2065234E-07 0.2098025E-07 0.2127560E-07 0.2154637E-07 0.2179741E-07 0.2203306E-07 0.2225509E-07 0.2246532E-07 0.2266670E-07 0.2285816E-07 0.2304135E-07
 0.1073140E+02 0.2030559E-07 0.2075429E-07 0.2113313E-07 0.2146617E-07 0.2176606E-07 0.2204095E-07 0.2229576E-07 0.2253491E-07 0.2276021E-07 0.2297349E-07 0.2317777E-07 0.2337195E-07 0.2355774E-07
 0.9902056E+01 0.2079527E-07 0.2125149E-07 0.2163656E-07 0.2197500E-07 0.2227969E-07 0.2255893E-07 0.2281771E-07 0.2306056E-07 0.2328930E-07 0.2350582E-07 0.2371316E-07 0.2391024E-07 0.2409876E-07
 0.9136803E+01 0.2130825E-07 0.2177238E-07 0.2216403E-07 0.2250816E-07 0.2281791E-07 0.2310173E-07 0.2336472E-07 0.2361147E-07 0.2384385E-07 0.2406378E-07 0.2427436E-07 0.2447449E-07 0.2466591E-07
 0.8430690E+01 0.2184599E-07 0.2231845E-07 0.2271702E-07 0.2306715E-07 0.2338224E-07 0.2367090E-07 0.2393832E-07 0.2418920E-07 0.2442542E-07 0.2464896E-07 0.2486297E-07 0.2506632E-07 0.2526081E-07
 0.7779148E+01 0.2241005E-07 0.2289129E-07 0.2329716E-07 0.2365362E-07 0.2397435E-07 0.2426811E-07 0.2454021E-07 0.2479544E-07 0.2503573E-07 0.2526307E-07 0.2548070E-07 0.2568747E-07 0.2588520E-07
 0.7177958E+01 0.2300214E-07 0.2349263E-07 0.2390620E-07 0.2426934E-07 0.2459600E-07 0.2489515E-07 0.2517220E-07 0.2543202E-07 0.2567661E-07 0.2590798E-07 0.2612944E-07 0.2633982E-07 0.2654097E-07
 0.6623230E+01 0.2362409E-07 0.2412435E-07 0.2454603E-07 0.2491621E-07 0.2524915E-07 0.2555398E-07 0.2583626E-07 0.2610094E-07 0.2635005E-07 0.2658569E-07 0.2681119E-07 0.2702539E-07 0.2723017E-07
 0.6111372E+01 0.2427790E-07 0.2478845E-07 0.2521870E-07 0.2559632E-07 0.2593588E-07 0.2624672E-07 0.2653451E-07 0.2680432E-07 0.2705823E-07 0.2729837E-07 0.2752815E-07 0.2774638E-07 0.2795500E-07
 0.5639071E+01 0.2496574E-07 0.2548715E-07 0.2592644E-07 0.2631191E-07 0.2665846E-07 0.2697565E-07 0.2726927E-07 0.2754450E-07 0.2780348E-07 0.2804838E-07 0.2828268E-07 0.2850519E-07 0.2871786E-07
 0.5203272E+01 0.2568995E-07 0.2622282E-07 0.2667166E-07 0.2706543E-07 0.2741937E-07 0.2774327E-07 0.2804305E-07 0.2832401E-07 0.2858835E-07 0.2883828E-07 0.2907738E-07 0.2930441E-07 0.2952137E-07
 0.4801151E+01 0.2645308E-07 0.2699807E-07 0.2745700E-07 0.2785954E-07 0.2822129E-07 0.2855228E-07 0.2885857E-07 0.2914561E-07 0.2941561E-07 0.2967087E-07 0.2991503E-07 0.3014685E-07 0.3036836E-07
 0.4430108E+01 0.2725793E-07 0.2781573E-07 0.2828532E-07 0.2869712E-07 0.2906714E-07 0.2940563E-07 0.2971882E-07 0.3001227E-07 0.3028828E-07 0.3054918E-07 0.3079871E-07 0.3103559E-07 0.3126192E-07
 0.4087739E+01 0.2810752E-07 0.2867886E-07 0.2915974E-07 0.2958135E-07 0.2996011E-07 0.3030654E-07 0.3062703E-07 0.3092728E-07 0.3120965E-07 0.3147652E-07 0.3173173E-07 0.3197398E-07 0.3220542E-07
 0.3771829E+01 0.2900517E-07 0.2959084E-07 0.3008366E-07 0.3051566E-07 0.3090368E-07 0.3125852E-07 0.3158675E-07 0.3189420E-07 0.3218329E-07 0.3245650E-07 0.3271773E-07 0.3296567E-07 0.3320252E-07
 0.3480334E+01 0.2995449E-07 0.3055534E-07 0.3106082E-07 0.3150382E-07 0.3190165E-07 0.3226541E-07 0.3260182E-07 0.3291691E-07 0.3321315E-07 0.3349307E-07 0.3376069E-07 0.3401466E-07 0.3425725E-07