 k(Mpc^-1)     CL=0.4515     CL=0.5763     CL=0.6827     CL=0.7699     CL=0.8385     CL=0.8904     CL=0.9281     CL=0.9545     CL=0.9722     CL=0.9836     CL=0.9907     CL=0.9949     CL=0.9973
 0.6796536E+06 0.4632389E-06 0.0000000E+00 0.0000000E+00 0.0000000E+00 0.0000000E+00 0.0000000E+00 0.0000000E+00 0.0000000E+00 0.0000000E+00 0.0000000E+00 0.0000000E+00 0.0000000E+00 0.0000000E+00
 0.6369729E+06 0.4451601E-06 0.0000000E+00 0.0000000E+00 0.0000000E+00 0.0000000E+00 0.0000000E+00 0.0000000E+00 0.0000000E+00 0.0000000E+00 0.0000000E+00 0.0000000E+00 0.0000000E+00 0.0000000E+00
 0.5969724E+06 0.4286593E-06 0.0000000E+00 0.0000000E+00 0.0000000E+00 0.0000000E+00 0.0000000E+00 0.0000000E+00 0.0000000E+00 0.0000000E+00 0.0000000E+00 0.0000000E+00 0.0000000E+00 0.0000000E+00
 0.5594839E+06 0.4135473E-06 0.0000000E+00 0.0000000E+00 0.0000000E+00 0.0000000E+00 0.0000000E+00 0.0000000E+00 0.0000000E+00 0.0000000E+00 0.0000000E+00 0.0000000E+00 0.0000000E+00 0.0000000E+00
 0.5243496E+06 0.3996618E-06 0.4857841E-06 0.0000000E+00 0.0000000E+00 0.0000000E+00 0.0000000E+00 0.0000000E+00 0.0000000E+00 0.0000000E+00 0.0000000E+00 0.0000000E+00 0.0000000E+00 0.0000000E+00
 0.4914216E+06 0.3868700E-06 0.4665773E-06 0.0000000E+00 0.0000000E+00 0.0000000E+00 0.0000000E+00 0.0000000E+00 0.0000000E+00 0.0000000E+00 0.0000000E+00 0.0000000E+00 0.0000000E+00 0.0000000E+00
 0.4605615E+06 0.3750524E-06 0.4490680E-06 0.4961235E-06 0.0000000E+00 0.0000000E+00 0.0000000E+00 0.0000000E+00 0.0000000E+00 0.0000000E+00 0.0000000E+00 0.0000000E+00 0.0000000E+00 0.0000000E+00
 0.4316393E+06 0.3641078E-06 0.4330482E-06 0.4764406E-06 0.0000000E+00 0.0000000E+00 0.0000000E+00 0.0000000E+00 0.0000000E+00 0.0000000E+00 0.0000000E+00 0.0000000E+00 0.0000000E+00 0.0000000E+00
 0.4045333E+06 0.3539470E-06 0.4183480E-06 0.4585043E-06 0.4893272E-06 0.0000000E+00 0.0000000E+00 0.0000000E+00 0.0000000E+00 0.0000000E+00 0.0000000E+00 0.0000000E+00 0.0000000E+00 0.0000000E+00
 0.3791295E+06 0.3444965E-06 0.4048170E-06 0.4420998E-06 0.4705557E-06 0.4941922E-06 0.5147928E-06 0.0000000E+00 0.0000000E+00 0.0000000E+00 0.0000000E+00 0.0000000E+00 0.0000000E+00 0.0000000E+00
 0.3553211E+06 0.3356878E-06 0.3923280E-06 0.4270519E-06 0.4534127E-06 0.4752173E-06 0.4941516E-06 0.5110891E-06 0.0000000E+00 0.0000000E+00 0.0000000E+00 0.0000000E+00 0.0000000E+00 0.0000000E+00
 0.3330077E+06 0.3274622E-06 0.3807701E-06 0.4132053E-06 0.4377025E-06 0.4578885E-06 0.4753630E-06 0.4909455E-06 0.5051842E-06 0.5183502E-06 0.0000000E+00 0.0000000E+00 0.0000000E+00 0.0000000E+00
 0.3120956E+06 0.3197668E-06 0.3700517E-06 0.4004289E-06 0.4232651E-06 0.4420147E-06 0.4581968E-06 0.4725891E-06 0.4857094E-06 0.4978153E-06 0.5091032E-06 0.5198019E-06 0.5298986E-06 0.0000000E+00
 0.2924967E+06 0.3125581E-06 0.3600890E-06 0.3886084E-06 0.4099579E-06 0.4274266E-06 0.4424612E-06 0.4558004E-06 0.4679343E-06 0.4791055E-06 0.4895077E-06 0.4993477E-06 0.5086192E-06 0.5174365E-06
 0.2741286E+06 0.3057942E-06 0.3508098E-06 0.3776498E-06 0.3976603E-06 0.4139822E-06 0.4279911E-06 0.4403961E-06 0.4516558E-06 0.4620031E-06 0.4716219E-06 0.4807066E-06 0.4892537E-06 0.4973708E-06
 0.2569139E+06 0.2994388E-06 0.3421498E-06 0.3674664E-06 0.3862665E-06 0.4015573E-06 0.4146513E-06 0.4262184E-06 0.4366995E-06 0.4463171E-06 0.4552418E-06 0.4636585E-06 0.4715665E-06 0.4790669E-06
 0.2407803E+06 0.2934585E-06 0.3340561E-06 0.3579842E-06 0.3756895E-06 0.3900503E-06 0.4023200E-06 0.4131377E-06 0.4229226E-06 0.4318873E-06 0.4401919E-06 0.4480151E-06 0.4553562E-06 0.4623106E-06
 0.2256598E+06 0.2878263E-06 0.3264780E-06 0.3491370E-06 0.3658488E-06 0.3793677E-06 0.3908936E-06 0.4010368E-06 0.4101968E-06 0.4185746E-06 0.4263287E-06 0.4336224E-06 0.4404585E-06 0.4469273E-06
 0.2114889E+06 0.2825150E-06 0.3193721E-06 0.3408703E-06 0.3566754E-06 0.3694298E-06 0.3802806E-06 0.3898162E-06 0.3984130E-06 0.4062649E-06 0.4135230E-06 0.4203422E-06 0.4267265E-06 0.4327617E-06
 0.1982079E+06 0.2775012E-06 0.3126985E-06 0.3331323E-06 0.3481074E-06 0.3601654E-06 0.3704059E-06 0.3793879E-06 0.3874753E-06 0.3948541E-06 0.4016654E-06 0.4080578E-06 0.4140363E-06 0.4196825E-06
 0.1857609E+06 0.2727628E-06 0.3064247E-06 0.3258780E-06 0.3400940E-06 0.3515159E-06 0.3611991E-06 0.3696793E-06 0.3773047E-06 0.3842535E-06 0.3906592E-06 0.3966662E-06 0.4022789E-06 0.4075748E-06
 0.1740955E+06 0.2682822E-06 0.3005186E-06 0.3190667E-06 0.3325863E-06 0.3434258E-06 0.3525998E-06 0.3606226E-06 0.3678275E-06 0.3743843E-06 0.3804250E-06 0.3860830E-06 0.3913648E-06 0.3963443E-06
 0.1631627E+06 0.2640411E-06 0.2949523E-06 0.3126649E-06 0.3255424E-06 0.3358471E-06 0.3445534E-06 0.3521593E-06 0.3589805E-06 0.3651814E-06 0.3708887E-06 0.3762295E-06 0.3812111E-06 0.3859037E-06
 0.1529165E+06 0.2600237E-06 0.2896999E-06 0.3066396E-06 0.3189236E-06 0.3287360E-06 0.3370152E-06 0.3442365E-06 0.3507066E-06 0.3565836E-06 0.3619867E-06 0.3670384E-06 0.3717466E-06 0.3761785E-06
 0.1433137E+06 0.2562148E-06 0.2847406E-06 0.3009624E-06 0.3126985E-06 0.3220570E-06 0.3299419E-06 0.3368110E-06 0.3429590E-06 0.3485381E-06 0.3536615E-06 0.3584491E-06 0.3629077E-06 0.3671017E-06
 0.1343139E+06 0.2526026E-06 0.2800530E-06 0.2956066E-06 0.3068360E-06 0.3157748E-06 0.3232961E-06 0.3298408E-06 0.3356926E-06 0.3409969E-06 0.3458662E-06 0.3504117E-06 0.3546419E-06 0.3586185E-06
 0.1258793E+06 0.2491743E-06 0.2756184E-06 0.2905508E-06 0.3013089E-06 0.3098591E-06 0.3170431E-06 0.3232895E-06 0.3288682E-06 0.3339207E-06 0.3385552E-06 0.3428784E-06 0.3468991E-06 0.3506762E-06
 0.1179744E+06 0.2459189E-06 0.2714194E-06 0.2857731E-06 0.2960920E-06 0.3042815E-06 0.3111551E-06 0.3171235E-06 0.3224500E-06 0.3272712E-06 0.3316893E-06 0.3358078E-06 0.3396357E-06 0.3432296E-06
 0.1105658E+06 0.2428256E-06 0.2674421E-06 0.2812544E-06 0.2911651E-06 0.2990194E-06 0.3056039E-06 0.3113157E-06 0.3164088E-06 0.3210151E-06 0.3252322E-06 0.3291619E-06 0.3328120E-06 0.3362370E-06
 0.1036226E+06 0.2398864E-06 0.2636716E-06 0.2769768E-06 0.2865074E-06 0.2940494E-06 0.3003652E-06 0.3058387E-06 0.3107153E-06 0.3151215E-06 0.3191547E-06 0.3229097E-06 0.3263956E-06 0.3296648E-06
 0.9711529E+05 0.2370919E-06 0.2600953E-06 0.2729260E-06 0.2821006E-06 0.2893514E-06 0.2954160E-06 0.3006687E-06 0.3053442E-06 0.3095657E-06 0.3134274E-06 0.3170206E-06 0.3203544E-06 0.3234794E-06
 0.9101667E+05 0.2344343E-06 0.2567006E-06 0.2690869E-06 0.2779275E-06 0.2849062E-06 0.2907381E-06 0.2957835E-06 0.3002717E-06 0.3043224E-06 0.3080247E-06 0.3114677E-06 0.3146605E-06 0.3176519E-06
 0.8530103E+05 0.2319057E-06 0.2534783E-06 0.2654464E-06 0.2739747E-06 0.2806989E-06 0.2863126E-06 0.2911652E-06 0.2954789E-06 0.2993696E-06 0.3029227E-06 0.3062260E-06 0.3092877E-06 0.3121550E-06
 0.7994432E+05 0.2295005E-06 0.2504176E-06 0.2619918E-06 0.2702277E-06 0.2767133E-06 0.2821229E-06 0.2867954E-06 0.2909461E-06 0.2946867E-06 0.2981024E-06 0.3012755E-06 0.3042153E-06 0.3069671E-06
 0.7492400E+05 0.2272118E-06 0.2475096E-06 0.2587134E-06 0.2666740E-06 0.2729358E-06 0.2781533E-06 0.2826579E-06 0.2866562E-06 0.2902573E-06 0.2935439E-06 0.2965956E-06 0.2994216E-06 0.3020658E-06
 0.7021894E+05 0.2250338E-06 0.2447452E-06 0.2556005E-06 0.2633012E-06 0.2693528E-06 0.2743915E-06 0.2787373E-06 0.2825928E-06 0.2860641E-06 0.2892300E-06 0.2921683E-06 0.2948880E-06 0.2974318E-06
 0.6580935E+05 0.2229608E-06 0.2421180E-06 0.2526437E-06 0.2601004E-06 0.2659541E-06 0.2708242E-06 0.2750216E-06 0.2787432E-06 0.2820922E-06 0.2851443E-06 0.2879764E-06 0.2905968E-06 0.2930467E-06
 0.6167667E+05 0.2209885E-06 0.2396202E-06 0.2498339E-06 0.2570610E-06 0.2627284E-06 0.2674399E-06 0.2714978E-06 0.2750938E-06 0.2783272E-06 0.2812740E-06 0.2840066E-06 0.2865339E-06 0.2888959E-06
 0.5780352E+05 0.2191120E-06 0.2372451E-06 0.2471643E-06 0.2541741E-06 0.2596660E-06 0.2642273E-06 0.2681547E-06 0.2716324E-06 0.2747580E-06 0.2776053E-06 0.2802445E-06 0.2826844E-06 0.2849640E-06
 0.5417359E+05 0.2173269E-06 0.2349861E-06 0.2446271E-06 0.2514309E-06 0.2567570E-06 0.2611781E-06 0.2649812E-06 0.2683476E-06 0.2713724E-06 0.2741261E-06 0.2766775E-06 0.2790355E-06 0.2812377E-06
 0.5077161E+05 0.2156287E-06 0.2328387E-06 0.2422155E-06 0.2488250E-06 0.2539945E-06 0.2582825E-06 0.2619690E-06 0.2652306E-06 0.2681598E-06 0.2708247E-06 0.2732936E-06 0.2755744E-06 0.2777040E-06
 0.4758327E+05 0.2140146E-06 0.2307969E-06 0.2399228E-06 0.2463488E-06 0.2513701E-06 0.2555325E-06 0.2591089E-06 0.2622715E-06 0.2651100E-06 0.2676925E-06 0.2700835E-06 0.2722918E-06 0.2743529E-06
 0.4459515E+05 0.2124805E-06 0.2288560E-06 0.2377440E-06 0.2439957E-06 0.2488768E-06 0.2529197E-06 0.2563926E-06 0.2594618E-06 0.2622152E-06 0.2647194E-06 0.2670371E-06 0.2691769E-06 0.2711736E-06
 0.4179467E+05 0.2110233E-06 0.2270109E-06 0.2356735E-06 0.2417592E-06 0.2465074E-06 0.2504383E-06 0.2538122E-06 0.2567929E-06 0.2594666E-06 0.2618968E-06 0.2641452E-06 0.2662205E-06 0.2681563E-06
 0.3917006E+05 0.2096394E-06 0.2252582E-06 0.2337060E-06 0.2396347E-06 0.2442569E-06 0.2480811E-06 0.2513618E-06 0.2542589E-06 0.2568565E-06 0.2592162E-06 0.2613992E-06 0.2634134E-06 0.2652919E-06
 0.3671027E+05 0.2083268E-06 0.2235936E-06 0.2318366E-06 0.2376165E-06 0.2421191E-06 0.2458422E-06 0.2490346E-06 0.2518524E-06 0.2543775E-06 0.2566715E-06 0.2587926E-06 0.2607492E-06 0.2625733E-06
 0.3440495E+05 0.2070825E-06 0.2220134E-06 0.2300618E-06 0.2356999E-06 0.2400888E-06 0.2437154E-06 0.2468244E-06 0.2495671E-06 0.2520240E-06 0.2542553E-06 0.2563178E-06 0.2582198E-06 0.2599926E-06
 0.3224440E+05 0.2059039E-06 0.2205137E-06 0.2283772E-06 0.2338798E-06 0.2381606E-06 0.2416964E-06 0.2447254E-06 0.2473968E-06 0.2497895E-06 0.2519614E-06 0.2539683E-06 0.2558186E-06 0.2575428E-06
 0.3021952E+05 0.2047883E-06 0.2190921E-06 0.2267789E-06 0.2321529E-06 0.2363310E-06 0.2397800E-06 0.2427334E-06 0.2453371E-06 0.2476684E-06 0.2497833E-06 0.2517376E-06 0.2535388E-06 0.2552169E-06
 0.2832181E+05 0.2037343E-06 0.2177453E-06 0.2252631E-06 0.2305150E-06 0.2345951E-06 0.2379617E-06 0.2408431E-06 0.2433826E-06 0.2456549E-06 0.2477168E-06 0.2496211E-06 0.2513758E-06 0.2530102E-06
 0.2654326E+05 0.2027394E-06 0.2164703E-06 0.2238272E-06 0.2289623E-06 0.2329492E-06 0.2362368E-06 0.2390502E-06 0.2415284E-06 0.2437454E-06 0.2457563E-06 0.2476131E-06 0.2493236E-06 0.2509164E-06
 0.2487640E+05 0.2018017E-06 0.2152643E-06 0.2224679E-06 0.2274911E-06 0.2313891E-06 0.2346022E-06 0.2373500E-06 0.2397700E-06 0.2419346E-06 0.2438972E-06 0.2457088E-06 0.2473773E-06 0.2489307E-06
 0.2331422E+05 0.2009191E-06 0.2141256E-06 0.2211822E-06 0.2260990E-06 0.2299122E-06 0.2330540E-06 0.2357397E-06 0.2381042E-06 0.2402185E-06 0.2421345E-06 0.2439031E-06 0.2455317E-06 0.2470476E-06
 0.2185014E+05 0.2000905E-06 0.2130514E-06 0.2199671E-06 0.2247827E-06 0.2285149E-06 0.2315886E-06 0.2342151E-06 0.2365267E-06 0.2385927E-06 0.2404653E-06 0.2421930E-06 0.2437835E-06 0.2452637E-06
 0.2047800E+05 0.1993140E-06 0.2120395E-06 0.2188210E-06 0.2235394E-06 0.2271943E-06 0.2302025E-06 0.2327730E-06 0.2350342E-06 0.2370545E-06 0.2388853E-06 0.2405740E-06 0.2421283E-06 0.2435744E-06
 0.1919203E+05 0.1985881E-06 0.2110877E-06 0.2177409E-06 0.2223660E-06 0.2259471E-06 0.2288936E-06 0.2314098E-06 0.2336228E-06 0.2356000E-06 0.2373909E-06 0.2390424E-06 0.2405622E-06 0.2419760E-06
 0.1798682E+05 0.1979111E-06 0.2101947E-06 0.2167248E-06 0.2212611E-06 0.2247715E-06 0.2276587E-06 0.2301233E-06 0.2322904E-06 0.2342261E-06 0.2359784E-06 0.2375945E-06 0.2390813E-06 0.2404642E-06
 0.1685728E+05 0.1972823E-06 0.2093585E-06 0.2157702E-06 0.2202218E-06 0.2236646E-06 0.2264952E-06 0.2289106E-06 0.2310337E-06 0.2329293E-06 0.2346457E-06 0.2362279E-06 0.2376834E-06 0.2390368E-06
 0.1579869E+05 0.1967002E-06 0.2085773E-06 0.2148760E-06 0.2192461E-06 0.2226243E-06 0.2254002E-06 0.2277689E-06 0.2298501E-06 0.2317078E-06 0.2333894E-06 0.2349394E-06 0.2363648E-06 0.2376901E-06
 0.1480656E+05 0.1961636E-06 0.2078493E-06 0.2140400E-06 0.2183317E-06 0.2216479E-06 0.2243723E-06 0.2266956E-06 0.2287367E-06 0.2305584E-06 0.2322070E-06 0.2337260E-06 0.2351227E-06 0.2364212E-06
 0.1387675E+05 0.1956712E-06 0.2071737E-06 0.2132604E-06 0.2174774E-06 0.2207343E-06 0.2234090E-06 0.2256892E-06 0.2276919E-06 0.2294790E-06 0.2310953E-06 0.2325848E-06 0.2339542E-06 0.2352269E-06
 0.1300532E+05 0.1952225E-06 0.2065487E-06 0.2125354E-06 0.2166811E-06 0.2198812E-06 0.2225082E-06 0.2247472E-06 0.2267131E-06 0.2284666E-06 0.2300530E-06 0.2315143E-06 0.2328574E-06 0.2341056E-06
 0.1218861E+05 0.1948163E-06 0.2059732E-06 0.2118643E-06 0.2159411E-06 0.2190868E-06 0.2216679E-06 0.2238677E-06 0.2257984E-06 0.2275201E-06 0.2290775E-06 0.2305117E-06 0.2318298E-06 0.2330545E-06
 0.1142320E+05 0.1944517E-06 0.2054456E-06 0.2112451E-06 0.2152557E-06 0.2183492E-06 0.2208869E-06 0.2230484E-06 0.2249454E-06 0.2266371E-06 0.2281666E-06 0.2295750E-06 0.2308691E-06 0.2320713E-06
 0.1070584E+05 0.1941276E-06 0.2049655E-06 0.2106768E-06 0.2146241E-06 0.2176674E-06 0.2201632E-06 0.2222885E-06 0.2241532E-06 0.2258157E-06 0.2273182E-06 0.2287018E-06 0.2299729E-06 0.2311536E-06
 0.1003354E+05 0.1938439E-06 0.2045314E-06 0.2101577E-06 0.2140446E-06 0.2170398E-06 0.2194954E-06 0.2215858E-06 0.2234196E-06 0.2250538E-06 0.2265311E-06 0.2278910E-06 0.2291401E-06 0.2303002E-06
 0.9403458E+04 0.1935994E-06 0.2041424E-06 0.2096874E-06 0.2135159E-06 0.2164651E-06 0.2188817E-06 0.2209391E-06 0.2227432E-06 0.2243506E-06 0.2258034E-06 0.2271405E-06 0.2283686E-06 0.2295089E-06
 0.8812943E+04 0.1933936E-06 0.2037974E-06 0.2092644E-06 0.2130366E-06 0.2159415E-06 0.2183214E-06 0.2203464E-06 0.2221220E-06 0.2237041E-06 0.2251335E-06 0.2264487E-06 0.2276566E-06 0.2287780E-06
 0.8259510E+04 0.1932256E-06 0.2034960E-06 0.2088879E-06 0.2126063E-06 0.2154686E-06 0.2178130E-06 0.2198073E-06 0.2215555E-06 0.2231130E-06 0.2245195E-06 0.2258138E-06 0.2270023E-06 0.2281056E-06
 0.7740831E+04 0.1930954E-06 0.2032372E-06 0.2085566E-06 0.2122236E-06 0.2150451E-06 0.2173554E-06 0.2193201E-06 0.2210421E-06 0.2225755E-06 0.2239608E-06 0.2252351E-06 0.2264050E-06 0.2274909E-06
 0.7254725E+04 0.1930021E-06 0.2030202E-06 0.2082702E-06 0.2118875E-06 0.2146698E-06 0.2169470E-06 0.2188837E-06 0.2205806E-06 0.2220913E-06 0.2234558E-06 0.2247109E-06 0.2258629E-06 0.2269321E-06
 0.6799145E+04 0.1929453E-06 0.2028442E-06 0.2080277E-06 0.2115970E-06 0.2143416E-06 0.2165876E-06 0.2184968E-06 0.2201694E-06 0.2216587E-06 0.2230033E-06 0.2242399E-06 0.2253748E-06 0.2264281E-06
 0.6372174E+04 0.1929316E-06 0.2027090E-06 0.2078284E-06 0.2113518E-06 0.2140601E-06 0.2162759E-06 0.2181590E-06 0.2198084E-06 0.2212767E-06 0.2226020E-06 0.2238208E-06 0.2249393E-06 0.2259771E-06
 0.5972016E+04 0.1936728E-06 0.2026138E-06 0.2076712E-06 0.2111508E-06 0.2138244E-06 0.2160111E-06 0.2178690E-06 0.2194962E-06 0.2209441E-06 0.2222513E-06 0.2234531E-06 0.2245558E-06 0.2255789E-06
 0.5596987E+04 0.1961650E-06 0.2025590E-06 0.2075562E-06 0.2109934E-06 0.2136335E-06 0.2157920E-06 0.2176262E-06 0.2192319E-06 0.2206605E-06 0.2219501E-06 0.2231355E-06 0.2242231E-06 0.2252321E-06
 0.5245509E+04 0.1993521E-06 0.2028539E-06 0.2074831E-06 0.2108786E-06 0.2134866E-06 0.2156186E-06 0.2174292E-06 0.2190144E-06 0.2204247E-06 0.2216974E-06 0.2228672E-06 0.2239402E-06 0.2249356E-06
 0.4916103E+04 0.2028448E-06 0.2049002E-06 0.2076807E-06 0.2108122E-06 0.2133836E-06 0.2154898E-06 0.2172782E-06 0.2188435E-06 0.2202361E-06 0.2214922E-06 0.2226469E-06 0.2237060E-06 0.2246883E-06
 0.4607383E+04 0.2065484E-06 0.2080392E-06 0.2095998E-06 0.2113901E-06 0.2134259E-06 0.2154162E-06 0.2171729E-06 0.2187184E-06 0.2200936E-06 0.2213344E-06 0.2224745E-06 0.2235202E-06 0.2244900E-06
 0.4318049E+04 0.2104573E-06 0.2116875E-06 0.2128277E-06 0.2139399E-06 0.2150674E-06 0.2162460E-06 0.2174893E-06 0.2187756E-06 0.2200409E-06 0.2212357E-06 0.2223528E-06 0.2233829E-06 0.2243400E-06
 0.4046886E+04 0.2146232E-06 0.2157496E-06 0.2167498E-06 0.2176715E-06 0.2185395E-06 0.2193704E-06 0.2201743E-06 0.2209614E-06 0.2217349E-06 0.2224979E-06 0.2232587E-06 0.2240094E-06 0.2247518E-06
 0.3792751E+04 0.2191519E-06 0.2202894E-06 0.2212967E-06 0.2222211E-06 0.2230869E-06 0.2239097E-06 0.2246988E-06 0.2254626E-06 0.2262035E-06 0.2269240E-06 0.2276316E-06 0.2283208E-06 0.2289948E-06
 0.3554574E+04 0.2241181E-06 0.2253227E-06 0.2263894E-06 0.2273669E-06 0.2282806E-06 0.2291471E-06 0.2299758E-06 0.2307763E-06 0.2315517E-06 0.2323041E-06 0.2330421E-06 0.2337597E-06 0.2344611E-06
 0.3331355E+04 0.2293912E-06 0.2306447E-06 0.2317525E-06 0.2327661E-06 0.2337130E-06 0.2346106E-06 0.2354688E-06 0.2362983E-06 0.2371014E-06 0.2378809E-06 0.2386454E-06 0.2393889E-06 0.2401156E-06
 0.3122154E+04 0.2348482E-06 0.2361465E-06 0.2372934E-06 0.2383436E-06 0.2393243E-06 0.2402542E-06 0.2411437E-06 0.2420027E-06 0.2428349E-06 0.2436426E-06 0.2444350E-06 0.2452055E-06 0.2459587E-06
 0.2926090E+04 0.2404843E-06 0.2418292E-06 0.2430173E-06 0.2441054E-06 0.2451216E-06 0.2460852E-06 0.2470070E-06 0.2478974E-06 0.2487600E-06 0.2495973E-06 0.2504187E-06 0.2512175E-06 0.2519985E-06
 0.2742338E+04 0.2463069E-06 0.2477005E-06 0.2489318E-06 0.2500595E-06 0.2511128E-06 0.2521118E-06 0.2530674E-06 0.2539906E-06 0.2548850E-06 0.2557533E-06 0.2566051E-06 0.2574336E-06 0.2582436E-06
 0.2570125E+04 0.2523240E-06 0.2537685E-06 0.2550450E-06 0.2562142E-06 0.2573064E-06 0.2583423E-06 0.2593334E-06 0.2602909E-06 0.2612186E-06 0.2621193E-06 0.2630030E-06 0.2638626E-06 0.2647032E-06
 0.2408727E+04 0.2585440E-06 0.2600418E-06 0.2613656E-06 0.2625782E-06 0.2637112E-06 0.2647858E-06 0.2658140E-06 0.2668075E-06 0.2677701E-06 0.2687049E-06 0.2696220E-06 0.2705142E-06 0.2713866E-06
 0.2257465E+04 0.2649757E-06 0.2665294E-06 0.2679027E-06 0.2691609E-06 0.2703365E-06 0.2714517E-06 0.2725188E-06 0.2735500E-06 0.2745493E-06 0.2755196E-06 0.2764718E-06 0.2773982E-06 0.2783041E-06
 0.2115701E+04 0.2716284E-06 0.2732407E-06 0.2746659E-06 0.2759718E-06 0.2771922E-06 0.2783499E-06 0.2794579E-06 0.2805286E-06 0.2815663E-06 0.2825740E-06 0.2835630E-06 0.2845253E-06 0.2854663E-06
 0.1982840E+04 0.2785121E-06 0.2801857E-06 0.2816654E-06 0.2830214E-06 0.2842886E-06 0.2854910E-06 0.2866418E-06 0.2877540E-06 0.2888320E-06 0.2898791E-06 0.2909066E-06 0.2919065E-06 0.2928845E-06
 0.1858322E+04 0.2856371E-06 0.2873750E-06 0.2889119E-06 0.2903204E-06 0.2916369E-06 0.2928861E-06 0.2940819E-06 0.2952377E-06 0.2963580E-06 0.2974462E-06 0.2985144E-06 0.2995538E-06 0.3005706E-06
 0.1741624E+04 0.2930143E-06 0.2948199E-06 0.2964167E-06 0.2978803E-06 0.2992485E-06 0.3005469E-06 0.3017899E-06 0.3029915E-06 0.3041563E-06 0.3052878E-06 0.3063986E-06 0.3074796E-06 0.3085371E-06
 0.1632254E+04 0.3006554E-06 0.3025319E-06 0.3041917E-06 0.3057132E-06 0.3071357E-06 0.3084859E-06 0.3097785E-06 0.3110282E-06 0.3122398E-06 0.3134168E-06 0.3145724E-06 0.3156971E-06 0.3167975E-06
 0.1529752E+04 0.3085727E-06 0.3105237E-06 0.3122497E-06 0.3138321E-06 0.3153117E-06 0.3167162E-06 0.3180610E-06 0.3193612E-06 0.3206220E-06 0.3218470E-06 0.3230497E-06 0.3242204E-06 0.3253659E-06
 0.1433687E+04 0.3167791E-06 0.3188084E-06 0.3206039E-06 0.3222504E-06 0.3237900E-06 0.3252517E-06 0.3266514E-06 0.3280049E-06 0.3293174E-06 0.3305928E-06 0.3318451E-06 0.3330642E-06 0.3342572E-06
 0.1343654E+04 0.3252882E-06 0.3274000E-06 0.3292687E-06 0.3309825E-06 0.3325853E-06 0.3341071E-06 0.3355647E-06 0.3369742E-06 0.3383412E-06 0.3396697E-06 0.3409743E-06 0.3422444E-06 0.3434874E-06
 0.1259276E+04 0.3341148E-06 0.3363132E-06 0.3382590E-06 0.3400437E-06 0.3417130E-06 0.3432983E-06 0.3448167E-06 0.3462852E-06 0.3477097E-06 0.3490941E-06 0.3504538E-06 0.3517777E-06 0.3530734E-06
 0.1180196E+04 0.3432742E-06 0.3455639E-06 0.3475908E-06 0.3494502E-06 0.3511896E-06 0.3528416E-06 0.3544242E-06 0.3559550E-06 0.3574399E-06 0.3588834E-06 0.3603012E-06 0.3616818E-06 0.3630332E-06
 0.1106083E+04 0.3527827E-06 0.3551686E-06 0.3572810E-06 0.3592191E-06 0.3610324E-06 0.3627548E-06 0.3644051E-06 0.3660015E-06 0.3675503E-06 0.3690560E-06 0.3705351E-06 0.3719756E-06 0.3733857E-06
 0.1036623E+04 0.3626577E-06 0.3651450E-06 0.3673475E-06 0.3693687E-06 0.3712600E-06 0.3730567E-06 0.3747783E-06 0.3764441E-06 0.3780603E-06 0.3796317E-06 0.3811755E-06 0.3826792E-06 0.3841514E-06
 0.9715257E+03 0.3729177E-06 0.3755119E-06 0.3778096E-06 0.3799183E-06 0.3818919E-06 0.3837671E-06 0.3855641E-06 0.3873030E-06 0.3889905E-06 0.3906313E-06 0.3922435E-06 0.3938140E-06 0.3953518E-06
 0.9105161E+03 0.3835821E-06 0.3862893E-06 0.3886874E-06 0.3908887E-06 0.3929492E-06 0.3949072E-06 0.3967840E-06 0.3986002E-06 0.4003629E-06 0.4020771E-06 0.4037617E-06 0.4054028E-06 0.4070100E-06
 0.8533377E+03 0.3946720E-06 0.3974984E-06 0.4000026E-06 0.4023017E-06 0.4044541E-06 0.4064997E-06 0.4084607E-06 0.4103587E-06 0.4122011E-06 0.4139930E-06 0.4157541E-06 0.4174700E-06 0.4191505E-06
 0.7997501E+03 0.4062094E-06 0.4091619E-06 0.4117783E-06 0.4141808E-06 0.4164304E-06 0.4185687E-06 0.4206188E-06 0.4226034E-06 0.4245300E-06 0.4264041E-06 0.4282463E-06 0.4300414E-06 0.4317998E-06
 0.7495276E+03 0.4182180E-06 0.4213038E-06 0.4240389E-06 0.4265509E-06 0.4289034E-06 0.4311398E-06 0.4332843E-06 0.4353606E-06 0.4373765E-06 0.4393378E-06 0.4412658E-06 0.4431448E-06 0.4449857E-06
 0.7024589E+03 0.4307231E-06 0.4339500E-06 0.4368108E-06 0.4394386E-06 0.4419001E-06 0.4442405E-06 0.4464851E-06 0.4486585E-06 0.4507691E-06 0.4528227E-06 0.4548419E-06 0.4568100E-06 0.4587382E-06
 0.6583461E+03 0.4437515E-06 0.4471279E-06 0.4501218E-06 0.4528725E-06 0.4554495E-06 0.4579001E-06 0.4602508E-06 0.4625274E-06 0.4647384E-06 0.4668900E-06 0.4690058E-06 0.4710685E-06 0.4730897E-06
 0.6170035E+03 0.4573319E-06 0.4608668E-06 0.4640019E-06 0.4668829E-06 0.4695824E-06 0.4721501E-06 0.4746134E-06 0.4769994E-06 0.4793170E-06 0.4815728E-06 0.4837913E-06 0.4859544E-06 0.4880743E-06
 0.5782571E+03 0.4714952E-06 0.4751981E-06 0.4784831E-06 0.4815024E-06 0.4843321E-06 0.4870239E-06 0.4896069E-06 0.4921092E-06 0.4945401E-06 0.4969066E-06 0.4992343E-06 0.5015042E-06 0.5037291E-06
 0.5419438E+03 0.4862741E-06 0.4901555E-06 0.4935996E-06 0.4967659E-06 0.4997338E-06 0.5025577E-06 0.5052679E-06 0.5078938E-06 0.5104454E-06 0.5129296E-06 0.5153735E-06 0.5177570E-06 0.5200937E-06
 0.5079110E+03 0.5017038E-06 0.5057750E-06 0.5093883E-06 0.5127107E-06 0.5158257E-06 0.5187901E-06 0.5216356E-06 0.5243932E-06 0.5270731E-06 0.5296827E-06 0.5322504E-06 0.5347550E-06 0.5372108E-06
 0.4760153E+03 0.5178222E-06 0.5220951E-06 0.5258883E-06 0.5293771E-06 0.5326486E-06 0.5357626E-06 0.5387523E-06 0.5416500E-06 0.5444667E-06 0.5472099E-06 0.5499096E-06 0.5525433E-06 0.5551261E-06
 0.4461227E+03 0.5346698E-06 0.5391573E-06 0.5431422E-06 0.5468080E-06 0.5502464E-06 0.5535199E-06 0.5566631E-06 0.5597104E-06 0.5626730E-06 0.5655588E-06 0.5683992E-06 0.5711708E-06 0.5738891E-06
 0.4181072E+03 0.5522900E-06 0.5570063E-06 0.5611954E-06 0.5650501E-06 0.5686663E-06 0.5721098E-06 0.5754171E-06 0.5786240E-06 0.5817422E-06 0.5847803E-06 0.5877711E-06 0.5906899E-06 0.5935532E-06
 0.3918510E+03 0.5707297E-06 0.5756900E-06 0.5800970E-06 0.5841531E-06 0.5879592E-06 0.5915844E-06 0.5950668E-06 0.5984441E-06 0.6017288E-06 0.6049296E-06 0.6080812E-06 0.6111575E-06 0.6141758E-06
 0.3672436E+03 0.5900392E-06 0.5952599E-06 0.5998996E-06 0.6041709E-06 0.6081800E-06 0.6119993E-06 0.6156689E-06 0.6192287E-06 0.6226914E-06 0.6260663E-06 0.6293900E-06 0.6326349E-06 0.6358192E-06
 0.3441816E+03 0.6102730E-06 0.6157719E-06 0.6206603E-06 0.6251618E-06 0.6293879E-06 0.6334149E-06 0.6372850E-06 0.6410399E-06 0.6446933E-06 0.6482548E-06 0.6517629E-06 0.6551885E-06 0.6585508E-06
 0.3225677E+03 0.6314896E-06 0.6372861E-06 0.6424406E-06 0.6471884E-06 0.6516470E-06 0.6558964E-06 0.6599813E-06 0.6639455E-06 0.6678033E-06 0.6715649E-06 0.6752708E-06 0.6788903E-06 0.6824436E-06
 0.3023112E+03 0.6537523E-06 0.6598675E-06 0.6653070E-06 0.6703189E-06 0.6750266E-06 0.6795146E-06 0.6838299E-06 0.6880186E-06 0.6920958E-06 0.6960722E-06 0.6999906E-06 0.7038184E-06 0.7075770E-06
 0.2833268E+03 0.6771297E-06 0.6835864E-06 0.6893317E-06 0.6946268E-06 0.6996018E-06 0.7043461E-06 0.7089087E-06 0.7133387E-06 0.7176517E-06 0.7218590E-06 0.7260059E-06 0.7300578E-06 0.7340372E-06
 0.2655345E+03 0.7016960E-06 0.7085193E-06 0.7145928E-06 0.7201920E-06 0.7254544E-06 0.7304740E-06 0.7353027E-06 0.7399921E-06 0.7445588E-06 0.7490147E-06 0.7534075E-06 0.7577008E-06 0.7619181E-06
 0.2488595E+03 0.7275318E-06 0.7347488E-06 0.7411751E-06 0.7471015E-06 0.7526730E-06 0.7579889E-06 0.7631040E-06 0.7680728E-06 0.7729129E-06 0.7776366E-06 0.7822947E-06 0.7868482E-06 0.7913222E-06
 0.2332317E+03 0.7547244E-06 0.7623651E-06 0.7691711E-06 0.7754497E-06 0.7813541E-06 0.7869893E-06 0.7924132E-06 0.7976834E-06 0.8028183E-06 0.8078311E-06 0.8127755E-06 0.8176100E-06 0.8223613E-06
 0.2185853E+03 0.7833691E-06 0.7914661E-06 0.7986812E-06 0.8053396E-06 0.8116031E-06 0.8175828E-06 0.8233400E-06 0.8289357E-06 0.8343892E-06 0.8397143E-06 0.8449682E-06 0.8501067E-06 0.8551579E-06
 0.2048586E+03 0.8135696E-06 0.8221586E-06 0.8298152E-06 0.8368836E-06 0.8435350E-06 0.8498870E-06 0.8560045E-06 0.8619521E-06 0.8677502E-06 0.8734135E-06 0.8790024E-06 0.8844700E-06 0.8898463E-06
 0.1919940E+03 0.8454389E-06 0.8545593E-06 0.8626930E-06 0.8702046E-06 0.8772755E-06 0.8840305E-06 0.8905380E-06 0.8968667E-06 0.9030382E-06 0.9090679E-06 0.9150202E-06 0.9208449E-06 0.9265739E-06
 0.1799372E+03 0.8791008E-06 0.8887959E-06 0.8974458E-06 0.9054373E-06 0.9129627E-06 0.9201542E-06 0.9270846E-06 0.9338268E-06 0.9404035E-06 0.9468311E-06 0.9531780E-06 0.9593907E-06 0.9655029E-06
 0.1686375E+03 0.9146906E-06 0.9250082E-06 0.9342176E-06 0.9427294E-06 0.9507478E-06 0.9584133E-06 0.9658030E-06 0.9729943E-06 0.9800115E-06 0.9868716E-06 0.9936478E-06 0.1000283E-05 0.1006812E-05
 0.1580475E+03 0.9523569E-06 0.9633497E-06 0.9731664E-06 0.9822433E-06 0.9907976E-06 0.9989783E-06 0.1006868E-05 0.1014548E-05 0.1022044E-05 0.1029376E-05 0.1036620E-05 0.1043715E-05 0.1050700E-05
 0.1481225E+03 0.9922628E-06 0.1003989E-05 0.1014466E-05 0.1024158E-05 0.1033295E-05 0.1042037E-05 0.1050471E-05 0.1058684E-05 0.1066704E-05 0.1074549E-05 0.1082304E-05 0.1089902E-05 0.1097384E-05
 0.1388207E+03 0.1034588E-05 0.1047113E-05 0.1058309E-05 0.1068671E-05 0.1078444E-05 0.1087798E-05 0.1096826E-05 0.1105621E-05 0.1114213E-05 0.1122620E-05 0.1130934E-05 0.1139082E-05 0.1147109E-05
 0.1301031E+03 0.1079531E-05 0.1092927E-05 0.1104907E-05 0.1116000E-05 0.1126469E-05 0.1136492E-05 0.1146170E-05 0.1155602E-05 0.1164819E-05 0.1173842E-05 0.1182768E-05 0.1191520E-05 0.1200144E-05
 0.1219329E+03 0.1127312E-05 0.1141658E-05 0.1154496E-05 0.1166389E-05 0.1177617E-05 0.1188374E-05 0.1198764E-05 0.1208894E-05 0.1218798E-05 0.1228497E-05 0.1238095E-05 0.1247510E-05 0.1256791E-05
 0.1142758E+03 0.1178172E-05 0.1193558E-05 0.1207335E-05 0.1220105E-05 0.1232168E-05 0.1243728E-05 0.1254900E-05 0.1265798E-05 0.1276457E-05 0.1286900E-05 0.1297238E-05 0.1307383E-05 0.1317389E-05
 0.1070995E+03 0.1232382E-05 0.1248909E-05 0.1263717E-05 0.1277450E-05 0.1290429E-05 0.1302874E-05 0.1314907E-05 0.1326650E-05 0.1338140E-05 0.1349403E-05 0.1360558E-05 0.1371509E-05 0.1382314E-05
 0.1003739E+03 0.1290242E-05 0.1308023E-05 0.1323964E-05 0.1338757E-05 0.1352746E-05 0.1366166E-05 0.1379148E-05 0.1391824E-05 0.1404233E-05 0.1416403E-05 0.1428461E-05 0.1440304E-05 0.1451994E-05
 0.9407068E+02 0.1352089E-05 0.1371249E-05 0.1388440E-05 0.1404403E-05 0.1419506E-05 0.1434004E-05 0.1448036E-05 0.1461744E-05 0.1475170E-05 0.1488344E-05 0.1501404E-05 0.1514237E-05 0.1526910E-05
 0.8816325E+02 0.1418297E-05 0.1438981E-05 0.1457552E-05 0.1474808E-05 0.1491144E-05 0.1506836E-05 0.1522032E-05 0.1536885E-05 0.1551440E-05 0.1565730E-05 0.1579904E-05 0.1593838E-05 0.1607606E-05
 0.8262680E+02 0.1489288E-05 0.1511658E-05 0.1531758E-05 0.1550447E-05 0.1568153E-05 0.1585170E-05 0.1601659E-05 0.1617786E-05 0.1633599E-05 0.1649132E-05 0.1664547E-05 0.1679710E-05 0.1694700E-05
 0.7743803E+02 0.1565537E-05 0.1589776E-05 0.1611574E-05 0.1631858E-05 0.1651087E-05 0.1669580E-05 0.1687512E-05 0.1705060E-05 0.1722277E-05 0.1739200E-05 0.1756003E-05 0.1772541E-05 0.1788901E-05
 0.7257509E+02 0.1647580E-05 0.1673899E-05 0.1697588E-05 0.1719649E-05 0.1740578E-05 0.1760721E-05 0.1780264E-05 0.1799403E-05 0.1818193E-05 0.1836673E-05 0.1855034E-05 0.1873117E-05 0.1891015E-05
 0.6801754E+02 0.1736025E-05 0.1764665E-05 0.1790466E-05 0.1814513E-05 0.1837345E-05 0.1859336E-05 0.1880688E-05 0.1901613E-05 0.1922170E-05 0.1942402E-05 0.1962517E-05 0.1982340E-05 0.2001974E-05
 0.6374620E+02 0.1831563E-05 0.1862799E-05 0.1890967E-05 0.1917243E-05 0.1942213E-05 0.1966281E-05 0.1989669E-05 0.2012605E-05 0.2035156E-05 0.2057365E-05 0.2079462E-05 0.2101254E-05 0.2122853E-05
 0.5974308E+02 0.1934983E-05 0.1969134E-05 0.1999962E-05 0.2028748E-05 0.2056126E-05 0.2082539E-05 0.2108226E-05 0.2133437E-05 0.2158244E-05 0.2182694E-05 0.2207040E-05 0.2231068E-05 0.2254899E-05
 0.5599135E+02 0.2047191E-05 0.2084626E-05 0.2118454E-05 0.2150075E-05 0.2180178E-05 0.2209246E-05 0.2237540E-05 0.2265334E-05 0.2292705E-05 0.2319706E-05 0.2346613E-05 0.2373190E-05 0.2399571E-05
 0.5247522E+02 0.2169229E-05 0.2210375E-05 0.2247602E-05 0.2282437E-05 0.2315634E-05 0.2347721E-05 0.2378984E-05 0.2409723E-05 0.2440022E-05 0.2469937E-05 0.2499774E-05 0.2529272E-05 0.2558578E-05
 0.4917990E+02 0.2302300E-05 0.2347659E-05 0.2388750E-05 0.2427245E-05 0.2463972E-05 0.2499508E-05 0.2534166E-05 0.2568277E-05 0.2601933E-05 0.2635195E-05 0.2668402E-05 0.2701263E-05 0.2733940E-05
 0.4609151E+02 0.2447805E-05 0.2497966E-05 0.2543469E-05 0.2586152E-05 0.2626921E-05 0.2666414E-05 0.2704974E-05 0.2742967E-05 0.2780492E-05 0.2817616E-05 0.2854718E-05 0.0000000E+00 0.0000000E+00
 0.4319707E+02 0.2607381E-05 0.2663038E-05 0.2713604E-05 0.2761099E-05 0.2806523E-05 0.2850580E-05 0.2893647E-05 0.0000000E+00 0.0000000E+00 0.0000000E+00 0.0000000E+00 0.0000000E+00 0.0000000E+00
 0.4048439E+02 0.2782948E-05 0.2844930E-05 0.2901331E-05 0.2954386E-05 0.0000000E+00 0.0000000E+00 0.0000000E+00 0.0000000E+00 0.0000000E+00 0.0000000E+00 0.0000000E+00 0.0000000E+00 0.0000000E+00
 0.3794206E+02 0.2976780E-05 0.0000000E+00 0.0000000E+00 0.0000000E+00 0.0000000E+00 0.0000000E+00 0.0000000E+00 0.0000000E+00 0.0000000E+00 0.0000000E+00 0.0000000E+00 0.0000000E+00 0.0000000E+00