 k(Mpc^-1)     CL=0.4515     CL=0.5763     CL=0.6827     CL=0.7699     CL=0.8385     CL=0.8904     CL=0.9281     CL=0.9545     CL=0.9722     CL=0.9836     CL=0.9907     CL=0.9949     CL=0.9973
 0.4043408E+06 0.6877572E-07 0.7244088E-07 0.7521417E-07 0.7730876E-07 0.7886536E-07 0.7999719E-07 0.8079705E-07 0.8134687E-07 0.8171094E-07 0.8194357E-07 0.8208769E-07 0.8217270E-07 0.8222119E-07
 0.3932185E+06 0.4048033E-07 0.4176381E-07 0.4270260E-07 0.4339405E-07 0.4389846E-07 0.4426029E-07 0.4451355E-07 0.4468647E-07 0.4480046E-07 0.4487308E-07 0.4491799E-07 0.4494445E-07 0.4495953E-07
 0.3824024E+06 0.3872485E-07 0.3989652E-07 0.4075154E-07 0.4138022E-07 0.4183828E-07 0.4216657E-07 0.4239621E-07 0.4255292E-07 0.4265620E-07 0.4272199E-07 0.4276267E-07 0.4278663E-07 0.4280029E-07
 0.3718838E+06 0.3770494E-07 0.3881248E-07 0.3961956E-07 0.4021239E-07 0.4064400E-07 0.4095317E-07 0.4116935E-07 0.4131684E-07 0.4141402E-07 0.4147591E-07 0.4151418E-07 0.4153674E-07 0.4154959E-07
 0.3616543E+06 0.3706014E-07 0.3812679E-07 0.3890335E-07 0.3947336E-07 0.3988814E-07 0.4018515E-07 0.4039278E-07 0.4053440E-07 0.4062771E-07 0.4068713E-07 0.4072387E-07 0.4074551E-07 0.4075785E-07
 0.3517064E+06 0.3663880E-07 0.3767795E-07 0.3843397E-07 0.3898864E-07 0.3939211E-07 0.3968095E-07 0.3988283E-07 0.4002051E-07 0.4011121E-07 0.4016898E-07 0.4020469E-07 0.4022573E-07 0.4023772E-07
 0.3420322E+06 0.3636401E-07 0.3738422E-07 0.3812609E-07 0.3867018E-07 0.3906585E-07 0.3934905E-07 0.3954697E-07 0.3968195E-07 0.3977084E-07 0.3982746E-07 0.3986247E-07 0.3988309E-07 0.3989484E-07
 0.3326240E+06 0.3619192E-07 0.3719906E-07 0.3793115E-07 0.3846793E-07 0.3885821E-07 0.3913751E-07 0.3933268E-07 0.3946577E-07 0.3955344E-07 0.3960926E-07 0.3964377E-07 0.3966411E-07 0.3967570E-07
 0.3234744E+06 0.3609537E-07 0.3709368E-07 0.3781917E-07 0.3835098E-07 0.3873761E-07 0.3901426E-07 0.3920757E-07 0.3933937E-07 0.3942620E-07 0.3948148E-07 0.3951567E-07 0.3953580E-07 0.3954727E-07
 0.3145767E+06 0.3605650E-07 0.3704917E-07 0.3777042E-07 0.3829906E-07 0.3868333E-07 0.3895827E-07 0.3915037E-07 0.3928136E-07 0.3936763E-07 0.3942257E-07 0.3945654E-07 0.3947654E-07 0.3948794E-07
 0.3059238E+06 0.3606299E-07 0.3705252E-07 0.3777138E-07 0.3829821E-07 0.3868113E-07 0.3895510E-07 0.3914651E-07 0.3927702E-07 0.3936298E-07 0.3941771E-07 0.3945156E-07 0.3947149E-07 0.3948285E-07
 0.2975087E+06 0.3610604E-07 0.3709442E-07 0.3781236E-07 0.3833848E-07 0.3872086E-07 0.3899443E-07 0.3918556E-07 0.3931587E-07 0.3940171E-07 0.3945636E-07 0.3949014E-07 0.3951004E-07 0.3952139E-07
 0.2893252E+06 0.3617917E-07 0.3716801E-07 0.3788623E-07 0.3841253E-07 0.3879504E-07 0.3906868E-07 0.3925985E-07 0.3939021E-07 0.3947606E-07 0.3953071E-07 0.3956452E-07 0.3958442E-07 0.3959577E-07
 0.2813669E+06 0.3627748E-07 0.3726811E-07 0.3798762E-07 0.3851485E-07 0.3889801E-07 0.3917213E-07 0.3936363E-07 0.3949421E-07 0.3958021E-07 0.3963495E-07 0.3966881E-07 0.3968875E-07 0.3970011E-07
 0.2736272E+06 0.3639718E-07 0.3739076E-07 0.3811238E-07 0.3864116E-07 0.3902546E-07 0.3930038E-07 0.3949244E-07 0.3962339E-07 0.3970964E-07 0.3976456E-07 0.3979851E-07 0.3981852E-07 0.3982992E-07
 0.2661007E+06 0.3653530E-07 0.3753280E-07 0.3825727E-07 0.3878814E-07 0.3917396E-07 0.3944997E-07 0.3964280E-07 0.3977426E-07 0.3986086E-07 0.3991599E-07 0.3995007E-07 0.3997016E-07 0.3998160E-07
 0.2587811E+06 0.3668947E-07 0.3769173E-07 0.3841970E-07 0.3895313E-07 0.3934081E-07 0.3961815E-07 0.3981192E-07 0.3994402E-07 0.4003104E-07 0.4008644E-07 0.4012069E-07 0.4014086E-07 0.4015236E-07
 0.2516629E+06 0.3685779E-07 0.3786556E-07 0.3859756E-07 0.3913396E-07 0.3952381E-07 0.3980272E-07 0.3999756E-07 0.4013042E-07 0.4021792E-07 0.4027362E-07 0.4030808E-07 0.4032836E-07 0.4033993E-07
 0.2447404E+06 0.3703869E-07 0.3805264E-07 0.3878917E-07 0.3932890E-07 0.3972119E-07 0.4000184E-07 0.4019791E-07 0.4033161E-07 0.4041965E-07 0.4047572E-07 0.4051039E-07 0.4053080E-07 0.4054244E-07
 0.2380084E+06 0.3723088E-07 0.3825161E-07 0.3899310E-07 0.3953650E-07 0.3993146E-07 0.4021404E-07 0.4041146E-07 0.4054607E-07 0.4063473E-07 0.4069118E-07 0.4072609E-07 0.4074665E-07 0.4075836E-07
 0.2314616E+06 0.3743329E-07 0.3846133E-07 0.3920818E-07 0.3975556E-07 0.4015341E-07 0.4043807E-07 0.4063695E-07 0.4077256E-07 0.4086187E-07 0.4091875E-07 0.4095390E-07 0.4097462E-07 0.4098643E-07
 0.2250947E+06 0.3764502E-07 0.3868086E-07 0.3943346E-07 0.3998507E-07 0.4038602E-07 0.4067291E-07 0.4087335E-07 0.4101001E-07 0.4110004E-07 0.4115735E-07 0.4119279E-07 0.4121366E-07 0.4122556E-07
 0.2189031E+06 0.3786531E-07 0.3890941E-07 0.3966808E-07 0.4022417E-07 0.4062841E-07 0.4091765E-07 0.4111974E-07 0.4125755E-07 0.4134831E-07 0.4140610E-07 0.4144184E-07 0.4146288E-07 0.4147488E-07
 0.2128818E+06 0.3809351E-07 0.3914629E-07 0.3991134E-07 0.4047216E-07 0.4087985E-07 0.4117158E-07 0.4137540E-07 0.4151440E-07 0.4160595E-07 0.4166424E-07 0.4170028E-07 0.4172151E-07 0.4173361E-07
 0.2070260E+06 0.3832908E-07 0.3939094E-07 0.4016267E-07 0.4072841E-07 0.4113972E-07 0.4143404E-07 0.4163969E-07 0.4177993E-07 0.4187230E-07 0.4193111E-07 0.4196749E-07 0.4198891E-07 0.4200111E-07
 0.2013314E+06 0.3857154E-07 0.3964284E-07 0.4042152E-07 0.4099241E-07 0.4140748E-07 0.4170451E-07 0.4191206E-07 0.4205359E-07 0.4214682E-07 0.4220618E-07 0.4224289E-07 0.4226451E-07 0.4227683E-07
 0.1957935E+06 0.3882048E-07 0.3990158E-07 0.4068747E-07 0.4126370E-07 0.4168268E-07 0.4198251E-07 0.4219204E-07 0.4233491E-07 0.4242903E-07 0.4248896E-07 0.4252602E-07 0.4254784E-07 0.4256028E-07
 0.1904079E+06 0.3907557E-07 0.4016679E-07 0.4096014E-07 0.4154189E-07 0.4196491E-07 0.4226765E-07 0.4247922E-07 0.4262349E-07 0.4271852E-07 0.4277904E-07 0.4281646E-07 0.4283850E-07 0.4285106E-07
 0.1851703E+06 0.3933649E-07 0.4043816E-07 0.4123921E-07 0.4182665E-07 0.4225385E-07 0.4255959E-07 0.4277326E-07 0.4291897E-07 0.4301495E-07 0.4307607E-07 0.4311387E-07 0.4313613E-07 0.4314882E-07
 0.1800769E+06 0.3960299E-07 0.4071541E-07 0.4152438E-07 0.4211770E-07 0.4254919E-07 0.4285803E-07 0.4307386E-07 0.4322105E-07 0.4331801E-07 0.4337976E-07 0.4341794E-07 0.4344043E-07 0.4345324E-07
 0.1751236E+06 0.3987484E-07 0.4099830E-07 0.4181542E-07 0.4241478E-07 0.4285069E-07 0.4316270E-07 0.4338076E-07 0.4352948E-07 0.4362745E-07 0.4368984E-07 0.4372841E-07 0.4375113E-07 0.4376407E-07
 0.1703064E+06 0.4015186E-07 0.4128665E-07 0.4211212E-07 0.4271767E-07 0.4315811E-07 0.4347340E-07 0.4369375E-07 0.4384403E-07 0.4394303E-07 0.4400608E-07 0.4404505E-07 0.4406801E-07 0.4408110E-07
 0.1656218E+06 0.4043386E-07 0.4158026E-07 0.4241430E-07 0.4302618E-07 0.4347128E-07 0.4378991E-07 0.4401261E-07 0.4416451E-07 0.4426456E-07 0.4432828E-07 0.4436768E-07 0.4439089E-07 0.4440411E-07
 0.1610661E+06 0.4072070E-07 0.4187898E-07 0.4272178E-07 0.4334018E-07 0.4379004E-07 0.4411210E-07 0.4433720E-07 0.4449073E-07 0.4459188E-07 0.4465629E-07 0.4469611E-07 0.4471957E-07 0.4473294E-07
 0.1566356E+06 0.4101228E-07 0.4218270E-07 0.4303447E-07 0.4365952E-07 0.4411425E-07 0.4443981E-07 0.4466737E-07 0.4482259E-07 0.4492485E-07 0.4498995E-07 0.4503023E-07 0.4505394E-07 0.4506746E-07
 0.1523271E+06 0.4130846E-07 0.4249129E-07 0.4335222E-07 0.4398406E-07 0.4444377E-07 0.4477292E-07 0.4500301E-07 0.4515994E-07 0.4526333E-07 0.4532917E-07 0.4536988E-07 0.4539386E-07 0.4540753E-07
 0.1481371E+06 0.4160917E-07 0.4280467E-07 0.4367495E-07 0.4431372E-07 0.4477852E-07 0.4511134E-07 0.4534399E-07 0.4550268E-07 0.4560723E-07 0.4567381E-07 0.4571498E-07 0.4573924E-07 0.4575306E-07
 0.1440624E+06 0.4191432E-07 0.4312274E-07 0.4400258E-07 0.4464843E-07 0.4511843E-07 0.4545497E-07 0.4569025E-07 0.4585074E-07 0.4595647E-07 0.4602380E-07 0.4606545E-07 0.4608997E-07 0.4610395E-07
 0.1400996E+06 0.4222386E-07 0.4344546E-07 0.4433503E-07 0.4498811E-07 0.4546341E-07 0.4580377E-07 0.4604171E-07 0.4620404E-07 0.4631099E-07 0.4637910E-07 0.4642120E-07 0.4644601E-07 0.4646015E-07
 0.1362460E+06 0.4253774E-07 0.4377276E-07 0.4467225E-07 0.4533270E-07 0.4581340E-07 0.4615765E-07 0.4639834E-07 0.4656252E-07 0.4667070E-07 0.4673959E-07 0.4678220E-07 0.4680729E-07 0.4682160E-07
 0.1324983E+06 0.4285589E-07 0.4410459E-07 0.4501421E-07 0.4568217E-07 0.4616837E-07 0.4651659E-07 0.4676006E-07 0.4692615E-07 0.4703558E-07 0.4710528E-07 0.4714837E-07 0.4717375E-07 0.4718822E-07
 0.1288536E+06 0.4317831E-07 0.4444095E-07 0.4536087E-07 0.4603646E-07 0.4652829E-07 0.4688055E-07 0.4712685E-07 0.4729489E-07 0.4740561E-07 0.4747610E-07 0.4751971E-07 0.4754540E-07 0.4756004E-07
 0.1253093E+06 0.4350496E-07 0.4478179E-07 0.4571219E-07 0.4639558E-07 0.4689311E-07 0.4724949E-07 0.4749869E-07 0.4766871E-07 0.4778071E-07 0.4785206E-07 0.4789618E-07 0.4792217E-07 0.4793698E-07
 0.1218625E+06 0.4383582E-07 0.4512708E-07 0.4606817E-07 0.4675950E-07 0.4726285E-07 0.4762342E-07 0.4787556E-07 0.4804758E-07 0.4816093E-07 0.4823313E-07 0.4827776E-07 0.4830406E-07 0.4831905E-07
 0.1185103E+06 0.4417090E-07 0.4547684E-07 0.4642880E-07 0.4712820E-07 0.4763748E-07 0.4800232E-07 0.4825746E-07 0.4843153E-07 0.4854624E-07 0.4861929E-07 0.4866447E-07 0.4869107E-07 0.4870624E-07
 0.1152505E+06 0.4451018E-07 0.4583106E-07 0.4679408E-07 0.4750169E-07 0.4801700E-07 0.4838619E-07 0.4864438E-07 0.4882054E-07 0.4893662E-07 0.4901055E-07 0.4905628E-07 0.4908321E-07 0.4909857E-07
 0.1120804E+06 0.4485366E-07 0.4618973E-07 0.4716401E-07 0.4787999E-07 0.4840143E-07 0.4877505E-07 0.4903633E-07 0.4921463E-07 0.4933211E-07 0.4940693E-07 0.4945321E-07 0.4948047E-07 0.4949601E-07
 0.1089974E+06 0.4520135E-07 0.4655288E-07 0.4753859E-07 0.4826308E-07 0.4879077E-07 0.4916889E-07 0.4943333E-07 0.4961380E-07 0.4973271E-07 0.4980844E-07 0.4985528E-07 0.4988287E-07 0.4989860E-07
 0.1059992E+06 0.4555327E-07 0.4692051E-07 0.4791786E-07 0.4865100E-07 0.4918505E-07 0.4956775E-07 0.4983542E-07 0.5001807E-07 0.5013844E-07 0.5021511E-07 0.5026251E-07 0.5029044E-07 0.5030636E-07
 0.1030835E+06 0.4590944E-07 0.4729265E-07 0.4830184E-07 0.4904377E-07 0.4958428E-07 0.4997163E-07 0.5024258E-07 0.5042747E-07 0.5054932E-07 0.5062693E-07 0.5067493E-07 0.5070320E-07 0.5071932E-07
 0.1002481E+06 0.4626986E-07 0.4766931E-07 0.4869053E-07 0.4944142E-07 0.4998850E-07 0.5038060E-07 0.5065488E-07 0.5084204E-07 0.5096539E-07 0.5104396E-07 0.5109255E-07 0.5112118E-07 0.5113750E-07
 0.9749050E+05 0.4663456E-07 0.4805052E-07 0.4908398E-07 0.4984398E-07 0.5039775E-07 0.5079467E-07 0.5107233E-07 0.5126182E-07 0.5138670E-07 0.5146625E-07 0.5151543E-07 0.5154441E-07 0.5156093E-07
 0.9480886E+05 0.4700359E-07 0.4843632E-07 0.4948223E-07 0.5025148E-07 0.5081205E-07 0.5121387E-07 0.5149498E-07 0.5168682E-07 0.5181326E-07 0.5189380E-07 0.5194361E-07 0.5197294E-07 0.5198967E-07
 0.9220100E+05 0.4737697E-07 0.4882675E-07 0.4988531E-07 0.5066395E-07 0.5123144E-07 0.5163825E-07 0.5192287E-07 0.5211711E-07 0.5224513E-07 0.5232668E-07 0.5237712E-07 0.5240683E-07 0.5242377E-07
 0.8966479E+05 0.4775473E-07 0.4922183E-07 0.5029325E-07 0.5108148E-07 0.5165600E-07 0.5206789E-07 0.5235605E-07 0.5255275E-07 0.5268238E-07 0.5276494E-07 0.5281602E-07 0.5284610E-07 0.5286325E-07
 0.8719842E+05 0.4813690E-07 0.4962162E-07 0.5070611E-07 0.5150407E-07 0.5208574E-07 0.5250278E-07 0.5279457E-07 0.5299375E-07 0.5312502E-07 0.5320864E-07 0.5326035E-07 0.5329082E-07 0.5330818E-07
 0.8479989E+05 0.4852355E-07 0.5002615E-07 0.5112393E-07 0.5193178E-07 0.5252073E-07 0.5294302E-07 0.5323849E-07 0.5344019E-07 0.5357313E-07 0.5365782E-07 0.5371019E-07 0.5374104E-07 0.5375863E-07
 0.8246733E+05 0.4891470E-07 0.5043549E-07 0.5154677E-07 0.5236468E-07 0.5296102E-07 0.5338865E-07 0.5368787E-07 0.5389214E-07 0.5402677E-07 0.5411254E-07 0.5416558E-07 0.5419682E-07 0.5421463E-07
 0.8019888E+05 0.4931042E-07 0.5084969E-07 0.5197468E-07 0.5280282E-07 0.5340668E-07 0.5383973E-07 0.5414278E-07 0.5434964E-07 0.5448600E-07 0.5457287E-07 0.5462659E-07 0.5465825E-07 0.5467629E-07
 0.7799288E+05 0.4971072E-07 0.5126877E-07 0.5240773E-07 0.5324624E-07 0.5385777E-07 0.5429634E-07 0.5460325E-07 0.5481279E-07 0.5495090E-07 0.5503887E-07 0.5509330E-07 0.5512535E-07 0.5514362E-07
 0.7584756E+05 0.5011568E-07 0.5169281E-07 0.5284596E-07 0.5369504E-07 0.5431434E-07 0.5475852E-07 0.5506938E-07 0.5528161E-07 0.5542151E-07 0.5551062E-07 0.5556575E-07 0.5559822E-07 0.5561673E-07
 0.7376119E+05 0.5052537E-07 0.5212189E-07 0.5328944E-07 0.5414928E-07 0.5477647E-07 0.5522635E-07 0.5554124E-07 0.5575621E-07 0.5589792E-07 0.5598820E-07 0.5604403E-07 0.5607694E-07 0.5609569E-07
 0.7173228E+05 0.5093980E-07 0.5255603E-07 0.5373823E-07 0.5460900E-07 0.5524423E-07 0.5569992E-07 0.5601888E-07 0.5623665E-07 0.5638020E-07 0.5647166E-07 0.5652822E-07 0.5656154E-07 0.5658056E-07
 0.6975917E+05 0.5135906E-07 0.5299531E-07 0.5419243E-07 0.5507429E-07 0.5571769E-07 0.5617928E-07 0.5650239E-07 0.5672301E-07 0.5686843E-07 0.5696109E-07 0.5701841E-07 0.5705216E-07 0.5707141E-07
 0.6784028E+05 0.5178320E-07 0.5343981E-07 0.5465207E-07 0.5554522E-07 0.5619696E-07 0.5666453E-07 0.5699187E-07 0.5721538E-07 0.5736270E-07 0.5745658E-07 0.5751465E-07 0.5754885E-07 0.5756835E-07
 0.6597422E+05 0.5221229E-07 0.5388958E-07 0.5511724E-07 0.5602187E-07 0.5668205E-07 0.5715574E-07 0.5748737E-07 0.5771380E-07 0.5786309E-07 0.5795820E-07 0.5801704E-07 0.5805170E-07 0.5807145E-07
 0.6415950E+05 0.5264639E-07 0.5434470E-07 0.5558800E-07 0.5650432E-07 0.5717311E-07 0.5765299E-07 0.5798899E-07 0.5821843E-07 0.5836967E-07 0.5846605E-07 0.5852567E-07 0.5856078E-07 0.5858080E-07
 0.6239464E+05 0.5308558E-07 0.5480525E-07 0.5606445E-07 0.5699265E-07 0.5767017E-07 0.5815639E-07 0.5849683E-07 0.5872929E-07 0.5888257E-07 0.5898022E-07 0.5904062E-07 0.5907622E-07 0.5909651E-07
 0.6067838E+05 0.5352989E-07 0.5527127E-07 0.5654667E-07 0.5748695E-07 0.5817335E-07 0.5866600E-07 0.5901093E-07 0.5924652E-07 0.5940183E-07 0.5950078E-07 0.5956200E-07 0.5959806E-07 0.5961862E-07
 0.5900932E+05 0.5397943E-07 0.5574288E-07 0.5703472E-07 0.5798728E-07 0.5868273E-07 0.5918191E-07 0.5953144E-07 0.5977017E-07 0.5992757E-07 0.6002786E-07 0.6008989E-07 0.6012643E-07 0.6014726E-07
 0.5738617E+05 0.5443425E-07 0.5622013E-07 0.5752870E-07 0.5849374E-07 0.5919840E-07 0.5970422E-07 0.6005845E-07 0.6030037E-07 0.6045988E-07 0.6056152E-07 0.6062438E-07 0.6066142E-07 0.6068253E-07
 0.5580763E+05 0.5489445E-07 0.5670313E-07 0.5802870E-07 0.5900645E-07 0.5972046E-07 0.6023305E-07 0.6059202E-07 0.6083721E-07 0.6099888E-07 0.6110188E-07 0.6116561E-07 0.6120315E-07 0.6122455E-07
 0.5427256E+05 0.5536008E-07 0.5719194E-07 0.5853480E-07 0.5952546E-07 0.6024899E-07 0.6076846E-07 0.6113227E-07 0.6138078E-07 0.6154465E-07 0.6164904E-07 0.6171364E-07 0.6175169E-07 0.6177338E-07
 0.5277970E+05 0.5583122E-07 0.5768664E-07 0.5904709E-07 0.6005089E-07 0.6078411E-07 0.6131057E-07 0.6167931E-07 0.6193120E-07 0.6209729E-07 0.6220311E-07 0.6226859E-07 0.6230716E-07 0.6232914E-07
 0.5132787E+05 0.5630797E-07 0.5818735E-07 0.5956568E-07 0.6058282E-07 0.6132590E-07 0.6185949E-07 0.6223325E-07 0.6248856E-07 0.6265692E-07 0.6276420E-07 0.6283058E-07 0.6286968E-07 0.6289197E-07
 0.4991602E+05 0.5679039E-07 0.5869413E-07 0.6009064E-07 0.6112138E-07 0.6187449E-07 0.6241533E-07 0.6279418E-07 0.6305300E-07 0.6322367E-07 0.6333241E-07 0.6339970E-07 0.6343934E-07 0.6346193E-07
 0.4854300E+05 0.5727857E-07 0.5920707E-07 0.6062207E-07 0.6166666E-07 0.6242996E-07 0.6297817E-07 0.6336223E-07 0.6362459E-07 0.6379761E-07 0.6390787E-07 0.6397607E-07 0.6401625E-07 0.6403916E-07
 0.4720771E+05 0.5777262E-07 0.5972630E-07 0.6116012E-07 0.6221876E-07 0.6299243E-07 0.6354815E-07 0.6393749E-07 0.6420347E-07 0.6437889E-07 0.6449068E-07 0.6455984E-07 0.6460058E-07 0.6462381E-07
 0.4590919E+05 0.5827259E-07 0.6025187E-07 0.6170482E-07 0.6277780E-07 0.6356204E-07 0.6412539E-07 0.6452009E-07 0.6478978E-07 0.6496763E-07 0.6508095E-07 0.6515108E-07 0.6519239E-07 0.6521594E-07
 0.4464638E+05 0.5877858E-07 0.6078390E-07 0.6225632E-07 0.6334386E-07 0.6413885E-07 0.6470998E-07 0.6511015E-07 0.6538359E-07 0.6556393E-07 0.6567883E-07 0.6574994E-07 0.6579182E-07 0.6581570E-07
 0.4341831E+05 0.5929071E-07 0.6132251E-07 0.6281471E-07 0.6391707E-07 0.6472300E-07 0.6530204E-07 0.6570781E-07 0.6598504E-07 0.6616790E-07 0.6628444E-07 0.6635655E-07 0.6639902E-07 0.6642323E-07
 0.4222399E+05 0.5980905E-07 0.6186777E-07 0.6338014E-07 0.6449756E-07 0.6531462E-07 0.6590172E-07 0.6631316E-07 0.6659429E-07 0.6677972E-07 0.6689790E-07 0.6697102E-07 0.6701409E-07 0.6703865E-07
 0.4106255E+05 0.6033368E-07 0.6241979E-07 0.6395266E-07 0.6508545E-07 0.6591385E-07 0.6650915E-07 0.6692634E-07 0.6721144E-07 0.6739949E-07 0.6751934E-07 0.6759347E-07 0.6763716E-07 0.6766206E-07
 0.3993306E+05 0.6086473E-07 0.6297871E-07 0.6453243E-07 0.6568082E-07 0.6652077E-07 0.6712442E-07 0.6754749E-07 0.6783663E-07 0.6802734E-07 0.6814887E-07 0.6822408E-07 0.6826838E-07 0.6829364E-07
 0.3883461E+05 0.6140229E-07 0.6354461E-07 0.6511955E-07 0.6628384E-07 0.6713554E-07 0.6774769E-07 0.6817675E-07 0.6846999E-07 0.6866342E-07 0.6878668E-07 0.6886296E-07 0.6890790E-07 0.6893352E-07
 0.3776640E+05 0.6194645E-07 0.6411760E-07 0.6571414E-07 0.6689464E-07 0.6775827E-07 0.6837907E-07 0.6881425E-07 0.6911165E-07 0.6930784E-07 0.6943289E-07 0.6951024E-07 0.6955582E-07 0.6958181E-07
 0.3672758E+05 0.6249734E-07 0.6469782E-07 0.6631634E-07 0.6751329E-07 0.6838910E-07 0.6901871E-07 0.6946010E-07 0.6976176E-07 0.6996077E-07 0.7008761E-07 0.7016610E-07 0.7021234E-07 0.7023870E-07
 0.3571730E+05 0.6305504E-07 0.6528536E-07 0.6692625E-07 0.6814000E-07 0.6902820E-07 0.6966679E-07 0.7011450E-07 0.7042050E-07 0.7062237E-07 0.7075105E-07 0.7083065E-07 0.7087755E-07 0.7090430E-07
 0.3473484E+05 0.6361969E-07 0.6588036E-07 0.6754402E-07 0.6877485E-07 0.6967567E-07 0.7032340E-07 0.7077753E-07 0.7108797E-07 0.7129277E-07 0.7142328E-07 0.7150406E-07 0.7155165E-07 0.7157878E-07
 0.3377940E+05 0.6419137E-07 0.6648294E-07 0.6816978E-07 0.6941797E-07 0.7033167E-07 0.7098869E-07 0.7144940E-07 0.7176434E-07 0.7197209E-07 0.7210453E-07 0.7218649E-07 0.7223476E-07 0.7226229E-07
 0.3285024E+05 0.6477021E-07 0.6709322E-07 0.6880365E-07 0.7006955E-07 0.7099634E-07 0.7166284E-07 0.7213024E-07 0.7244976E-07 0.7266054E-07 0.7279492E-07 0.7287807E-07 0.7292706E-07 0.7295499E-07
 0.3194662E+05 0.6535633E-07 0.6771134E-07 0.6944579E-07 0.7072974E-07 0.7166984E-07 0.7234602E-07 0.7282021E-07 0.7314440E-07 0.7335830E-07 0.7349462E-07 0.7357900E-07 0.7362870E-07 0.7365704E-07
 0.3106788E+05 0.6594983E-07 0.6833740E-07 0.7009631E-07 0.7139862E-07 0.7235230E-07 0.7303833E-07 0.7351948E-07 0.7384841E-07 0.7406545E-07 0.7420381E-07 0.7428940E-07 0.7433984E-07 0.7436860E-07
 0.3021331E+05 0.6655086E-07 0.6897158E-07 0.7075539E-07 0.7207638E-07 0.7304390E-07 0.7373995E-07 0.7422817E-07 0.7456195E-07 0.7478220E-07 0.7492261E-07 0.7500950E-07 0.7506069E-07 0.7508987E-07
 0.2938222E+05 0.6715954E-07 0.6961400E-07 0.7142314E-07 0.7276320E-07 0.7374482E-07 0.7445109E-07 0.7494651E-07 0.7528524E-07 0.7550876E-07 0.7565125E-07 0.7573941E-07 0.7579139E-07 0.7582101E-07
 0.2857402E+05 0.6777597E-07 0.7026478E-07 0.7209975E-07 0.7345921E-07 0.7445519E-07 0.7517187E-07 0.7567463E-07 0.7601839E-07 0.7624525E-07 0.7638987E-07 0.7647935E-07 0.7653210E-07 0.7656217E-07
 0.2778804E+05 0.6840029E-07 0.7092407E-07 0.7278536E-07 0.7416456E-07 0.7517520E-07 0.7590247E-07 0.7641272E-07 0.7676164E-07 0.7699187E-07 0.7713866E-07 0.7722950E-07 0.7728302E-07 0.7731354E-07
 0.2702367E+05 0.6903267E-07 0.7159205E-07 0.7348010E-07 0.7487947E-07 0.7590500E-07 0.7664311E-07 0.7716098E-07 0.7751511E-07 0.7774883E-07 0.7789783E-07 0.7799002E-07 0.7804437E-07 0.7807535E-07
 0.2628034E+05 0.6967319E-07 0.7226882E-07 0.7418416E-07 0.7560405E-07 0.7664478E-07 0.7739391E-07 0.7791956E-07 0.7827902E-07 0.7851627E-07 0.7866753E-07 0.7876114E-07 0.7881629E-07 0.7884774E-07
 0.2555746E+05 0.7032201E-07 0.7295455E-07 0.7489771E-07 0.7633852E-07 0.7739473E-07 0.7815510E-07 0.7868864E-07 0.7905358E-07 0.7929443E-07 0.7944799E-07 0.7954300E-07 0.7959899E-07 0.7963091E-07
 0.2485446E+05 0.7097928E-07 0.7364942E-07 0.7562090E-07 0.7708301E-07 0.7815502E-07 0.7892684E-07 0.7946850E-07 0.7983895E-07 0.8008347E-07 0.8023937E-07 0.8033583E-07 0.8039268E-07 0.8042509E-07
 0.2417078E+05 0.7164517E-07 0.7435359E-07 0.7635393E-07 0.7783776E-07 0.7892586E-07 0.7970936E-07 0.8025923E-07 0.8063537E-07 0.8088363E-07 0.8104190E-07 0.8113987E-07 0.8119759E-07 0.8123050E-07
 0.2350592E+05 0.7231979E-07 0.7506721E-07 0.7709692E-07 0.7860289E-07 0.7970740E-07 0.8050281E-07 0.8106111E-07 0.8144299E-07 0.8169507E-07 0.8185580E-07 0.8195526E-07 0.8201390E-07 0.8204732E-07
 0.2285935E+05 0.7300329E-07 0.7579043E-07 0.7785013E-07 0.7937863E-07 0.8049987E-07 0.8130742E-07 0.8187430E-07 0.8226207E-07 0.8251804E-07 0.8268126E-07 0.8278228E-07 0.8284180E-07 0.8287574E-07
 0.2223055E+05 0.7369584E-07 0.7652346E-07 0.7861369E-07 0.8016519E-07 0.8130349E-07 0.8212343E-07 0.8269904E-07 0.8309281E-07 0.8335276E-07 0.8351852E-07 0.8362111E-07 0.8368156E-07 0.8371602E-07
 0.2161907E+05 0.7439760E-07 0.7726644E-07 0.7938779E-07 0.8096274E-07 0.8211844E-07 0.8295101E-07 0.8353554E-07 0.8393544E-07 0.8419944E-07 0.8436778E-07 0.8447198E-07 0.8453337E-07 0.8456838E-07
 0.2102440E+05 0.7510872E-07 0.7801956E-07 0.8017264E-07 0.8177150E-07 0.8294494E-07 0.8379039E-07 0.8438402E-07 0.8479017E-07 0.8505830E-07 0.8522929E-07 0.8533512E-07 0.8539748E-07 0.8543304E-07
 0.2044607E+05 0.7582938E-07 0.7878303E-07 0.8096844E-07 0.8259169E-07 0.8378325E-07 0.8464185E-07 0.8524472E-07 0.8565728E-07 0.8592963E-07 0.8610328E-07 0.8621079E-07 0.8627413E-07 0.8631024E-07
 0.1988367E+05 0.7655975E-07 0.7955702E-07 0.8177537E-07 0.8342352E-07 0.8463351E-07 0.8550551E-07 0.8611789E-07 0.8653692E-07 0.8681358E-07 0.8699001E-07 0.8709919E-07 0.8716353E-07 0.8720026E-07
 0.1933674E+05 0.7729996E-07 0.8034168E-07 0.8259367E-07 0.8426719E-07 0.8549601E-07 0.8638170E-07 0.8700371E-07 0.8742940E-07 0.8771046E-07 0.8788970E-07 0.8800061E-07 0.8806599E-07 0.8810326E-07
 0.1880485E+05 0.7805024E-07 0.8113731E-07 0.8342354E-07 0.8512292E-07 0.8637096E-07 0.8727061E-07 0.8790251E-07 0.8833495E-07 0.8862049E-07 0.8880260E-07 0.8891529E-07 0.8898171E-07 0.8901961E-07
 0.1828758E+05 0.7881078E-07 0.8194400E-07 0.8426522E-07 0.8599099E-07 0.8725863E-07 0.8817253E-07 0.8881446E-07 0.8925385E-07 0.8954397E-07 0.8972900E-07 0.8984351E-07 0.8991099E-07 0.8994948E-07
 0.1778455E+05 0.7958174E-07 0.8276204E-07 0.8511891E-07 0.8687157E-07 0.8815922E-07 0.8908766E-07 0.8973990E-07 0.9018632E-07 0.9048111E-07 0.9066913E-07 0.9078552E-07 0.9085410E-07 0.9089320E-07
 0.1729536E+05 0.8036329E-07 0.8359159E-07 0.8598482E-07 0.8776495E-07 0.8907305E-07 0.9001633E-07 0.9067903E-07 0.9113269E-07 0.9143226E-07 0.9162329E-07 0.9174157E-07 0.9181126E-07 0.9185100E-07
 0.1681961E+05 0.8115566E-07 0.8443290E-07 0.8686321E-07 0.8867142E-07 0.9000032E-07 0.9095875E-07 0.9163216E-07 0.9209318E-07 0.9239762E-07 0.9259181E-07 0.9271198E-07 0.9278281E-07 0.9282320E-07
 0.1635696E+05 0.8195905E-07 0.8528620E-07 0.8775432E-07 0.8959113E-07 0.9094130E-07 0.9191521E-07 0.9259959E-07 0.9306809E-07 0.9337751E-07 0.9357487E-07 0.9369701E-07 0.9376905E-07 0.9381010E-07
 0.1590704E+05 0.8277362E-07 0.8615167E-07 0.8865842E-07 0.9052439E-07 0.9189632E-07 0.9288602E-07 0.9358153E-07 0.9405774E-07 0.9437225E-07 0.9457282E-07 0.9469702E-07 0.9477020E-07 0.9481193E-07
 0.1546948E+05 0.8359964E-07 0.8702959E-07 0.8957574E-07 0.9147151E-07 0.9286558E-07 0.9387141E-07 0.9457836E-07 0.9506238E-07 0.9538208E-07 0.9558601E-07 0.9571226E-07 0.9578665E-07 0.9582908E-07
 0.1504396E+05 0.8443727E-07 0.8792017E-07 0.9050651E-07 0.9243275E-07 0.9384945E-07 0.9487176E-07 0.9559032E-07 0.9608239E-07 0.9640739E-07 0.9661467E-07 0.9674303E-07 0.9681866E-07 0.9686179E-07
 0.1463016E+05 0.8528676E-07 0.8882367E-07 0.9145104E-07 0.9340830E-07 0.9484816E-07 0.9588730E-07 0.9661776E-07 0.9711802E-07 0.9744844E-07 0.9765918E-07 0.9778969E-07 0.9786658E-07 0.9791044E-07
 0.1422773E+05 0.8614835E-07 0.8974036E-07 0.9240960E-07 0.9439858E-07 0.9586201E-07 0.9691834E-07 0.9766100E-07 0.9816958E-07 0.9850554E-07 0.9871987E-07 0.9885256E-07 0.9893075E-07 0.9897534E-07
 0.1383636E+05 0.8702222E-07 0.9067045E-07 0.9338244E-07 0.9540384E-07 0.9689140E-07 0.9796529E-07 0.9872038E-07 0.9923749E-07 0.9957912E-07 0.9979706E-07 0.9993196E-07 0.1000115E-06 0.1000568E-06
 0.1345577E+05 0.8790865E-07 0.9161425E-07 0.9436989E-07 0.9642436E-07 0.9793656E-07 0.9902840E-07 0.9979614E-07 0.1003220E-06 0.1006694E-06 0.1008910E-06 0.1010283E-06 0.1011091E-06 0.1011553E-06
 0.1308565E+05 0.8880787E-07 0.9257202E-07 0.9537221E-07 0.9746047E-07 0.9899785E-07 0.1001080E-06 0.1008887E-06 0.1014236E-06 0.1017769E-06 0.1020023E-06 0.1021418E-06 0.1022241E-06 0.1022710E-06
 0.1272570E+05 0.8972016E-07 0.9354406E-07 0.9638971E-07 0.9851249E-07 0.1000756E-06 0.1012045E-06 0.1019985E-06 0.1025424E-06 0.1029018E-06 0.1031311E-06 0.1032730E-06 0.1033567E-06 0.1034044E-06
 0.1237566E+05 0.9064570E-07 0.9453059E-07 0.9742272E-07 0.9958075E-07 0.1011701E-06 0.1023182E-06 0.1031258E-06 0.1036790E-06 0.1040446E-06 0.1042778E-06 0.1044222E-06 0.1045074E-06 0.1045559E-06
 0.1203525E+05 0.9158481E-07 0.9553196E-07 0.9847155E-07 0.1006656E-06 0.1022819E-06 0.1034495E-06 0.1042710E-06 0.1048338E-06 0.1052056E-06 0.1054429E-06 0.1055898E-06 0.1056764E-06 0.1057258E-06
 0.1170419E+05 0.9253771E-07 0.9654843E-07 0.9953654E-07 0.1017674E-06 0.1034111E-06 0.1045988E-06 0.1054345E-06 0.1060070E-06 0.1063853E-06 0.1066267E-06 0.1067762E-06 0.1068643E-06 0.1069145E-06
 0.1138225E+05 0.9350473E-07 0.9758036E-07 0.1006180E-06 0.1028865E-06 0.1045583E-06 0.1057665E-06 0.1066166E-06 0.1071991E-06 0.1075841E-06 0.1078297E-06 0.1079818E-06 0.1080714E-06 0.1081225E-06
 0.1106916E+05 0.9448614E-07 0.9862807E-07 0.1017163E-06 0.1040232E-06 0.1057237E-06 0.1069528E-06 0.1078178E-06 0.1084105E-06 0.1088022E-06 0.1090522E-06 0.1092070E-06 0.1092982E-06 0.1093502E-06
 0.1076468E+05 0.9548221E-07 0.9969183E-07 0.1028317E-06 0.1051780E-06 0.1069079E-06 0.1081584E-06 0.1090385E-06 0.1096417E-06 0.1100403E-06 0.1102947E-06 0.1104522E-06 0.1105451E-06 0.1105980E-06
 0.1046858E+05 0.9649322E-07 0.1007720E-06 0.1039648E-06 0.1063513E-06 0.1081112E-06 0.1093836E-06 0.1102792E-06 0.1108931E-06 0.1112988E-06 0.1115577E-06 0.1117180E-06 0.1118125E-06 0.1118664E-06
 0.1018062E+05 0.9751953E-07 0.1018689E-06 0.1051158E-06 0.1075434E-06 0.1093340E-06 0.1106288E-06 0.1115403E-06 0.1121651E-06 0.1125781E-06 0.1128416E-06 0.1130048E-06 0.1131010E-06 0.1131558E-06
 0.9900587E+04 0.9856142E-07 0.1029830E-06 0.1062850E-06 0.1087546E-06 0.1105767E-06 0.1118944E-06 0.1128222E-06 0.1134582E-06 0.1138786E-06 0.1141468E-06 0.1143130E-06 0.1144109E-06 0.1144668E-06
 0.9628248E+04 0.9961920E-07 0.1041145E-06 0.1074730E-06 0.1099856E-06 0.1118398E-06 0.1131810E-06 0.1141254E-06 0.1147729E-06 0.1152009E-06 0.1154740E-06 0.1156431E-06 0.1157428E-06 0.1157997E-06
 0.9363408E+04 0.1006932E-06 0.1052639E-06 0.1086801E-06 0.1112367E-06 0.1131238E-06 0.1144890E-06 0.1154505E-06 0.1161096E-06 0.1165454E-06 0.1168235E-06 0.1169957E-06 0.1170973E-06 0.1171552E-06
 0.9105852E+04 0.1017838E-06 0.1064315E-06 0.1099068E-06 0.1125084E-06 0.1144291E-06 0.1158189E-06 0.1167978E-06 0.1174690E-06 0.1179127E-06 0.1181959E-06 0.1183713E-06 0.1184747E-06 0.1185337E-06
 0.8855375E+04 0.1028914E-06 0.1076178E-06 0.1111534E-06 0.1138010E-06 0.1157562E-06 0.1171712E-06 0.1181680E-06 0.1188514E-06 0.1193033E-06 0.1195918E-06 0.1197704E-06 0.1198757E-06 0.1199358E-06
 0.8611794E+04 0.1040162E-06 0.1088231E-06 0.1124205E-06 0.1151152E-06 0.1171057E-06 0.1185465E-06 0.1195614E-06 0.1202575E-06 0.1207178E-06 0.1210115E-06 0.1211935E-06 0.1213007E-06 0.1213619E-06
 0.8374912E+04 0.1051586E-06 0.1100478E-06 0.1137084E-06 0.1164514E-06 0.1184779E-06 0.1199451E-06 0.1209789E-06 0.1216878E-06 0.1221566E-06 0.1224559E-06 0.1226412E-06 0.1227505E-06 0.1228128E-06
 0.8144541E+04 0.1063192E-06 0.1112925E-06 0.1150177E-06 0.1178100E-06 0.1198736E-06 0.1213678E-06 0.1224207E-06 0.1231429E-06 0.1236205E-06 0.1239254E-06 0.1241142E-06 0.1242255E-06 0.1242890E-06
 0.7920512E+04 0.1074980E-06 0.1125574E-06 0.1163489E-06 0.1191917E-06 0.1212931E-06 0.1228150E-06 0.1238876E-06 0.1246234E-06 0.1251099E-06 0.1254205E-06 0.1256130E-06 0.1257264E-06 0.1257911E-06
 0.7702646E+04 0.1086958E-06 0.1138432E-06 0.1177023E-06 0.1205969E-06 0.1227371E-06 0.1242874E-06 0.1253802E-06 0.1261298E-06 0.1266256E-06 0.1269421E-06 0.1271382E-06 0.1272537E-06 0.1273196E-06
 0.7490773E+04 0.1099128E-06 0.1151502E-06 0.1190786E-06 0.1220263E-06 0.1242062E-06 0.1257856E-06 0.1268990E-06 0.1276628E-06 0.1281681E-06 0.1284906E-06 0.1286904E-06 0.1288082E-06 0.1288754E-06
 0.7284721E+04 0.1111494E-06 0.1164790E-06 0.1204784E-06 0.1234803E-06 0.1257010E-06 0.1273102E-06 0.1284447E-06 0.1292232E-06 0.1297381E-06 0.1300669E-06 0.1302705E-06 0.1303905E-06 0.1304590E-06
 0.7084343E+04 0.1124061E-06 0.1178300E-06 0.1219020E-06 0.1249596E-06 0.1272220E-06 0.1288618E-06 0.1300180E-06 0.1308114E-06 0.1313363E-06 0.1316714E-06 0.1318789E-06 0.1320014E-06 0.1320712E-06
 0.6889477E+04 0.1136834E-06 0.1192038E-06 0.1233502E-06 0.1264648E-06 0.1287699E-06 0.1304410E-06 0.1316195E-06 0.1324283E-06 0.1329633E-06 0.1333050E-06 0.1335166E-06 0.1336414E-06 0.1337126E-06
 0.6699966E+04 0.1149817E-06 0.1206008E-06 0.1248235E-06 0.1279965E-06 0.1303455E-06 0.1320487E-06 0.1332500E-06 0.1340745E-06 0.1346200E-06 0.1349684E-06 0.1351841E-06 0.1353114E-06 0.1353839E-06
 0.6515673E+04 0.1163014E-06 0.1220217E-06 0.1263225E-06 0.1295553E-06 0.1319493E-06 0.1336854E-06 0.1349102E-06 0.1357508E-06 0.1363070E-06 0.1366622E-06 0.1368823E-06 0.1370120E-06 0.1370860E-06
 0.6336449E+04 0.1176432E-06 0.1234670E-06 0.1278478E-06 0.1311419E-06 0.1335821E-06 0.1353520E-06 0.1366007E-06 0.1374580E-06 0.1380253E-06 0.1383874E-06 0.1386119E-06 0.1387442E-06 0.1388196E-06
 0.6162150E+04 0.1190074E-06 0.1249372E-06 0.1294000E-06 0.1327571E-06 0.1352445E-06 0.1370492E-06 0.1383225E-06 0.1391968E-06 0.1397754E-06 0.1401448E-06 0.1403737E-06 0.1405086E-06 0.1405856E-06
 0.5992650E+04 0.1203947E-06 0.1264331E-06 0.1309799E-06 0.1344015E-06 0.1369374E-06 0.1387776E-06 0.1400764E-06 0.1409681E-06 0.1415582E-06 0.1419351E-06 0.1421686E-06 0.1423063E-06 0.1423848E-06
 0.5827813E+04 0.1218054E-06 0.1279551E-06 0.1325881E-06 0.1360759E-06 0.1386616E-06 0.1405383E-06 0.1418630E-06 0.1427727E-06 0.1433747E-06 0.1437592E-06 0.1439974E-06 0.1441379E-06 0.1442180E-06
 0.5667510E+04 0.1232404E-06 0.1295039E-06 0.1342253E-06 0.1377810E-06 0.1404178E-06 0.1423320E-06 0.1436833E-06 0.1446115E-06 0.1452257E-06 0.1456180E-06 0.1458611E-06 0.1460044E-06 0.1460862E-06
 0.5511612E+04 0.1246999E-06 0.1310803E-06 0.1358922E-06 0.1395176E-06 0.1422068E-06 0.1441596E-06 0.1455383E-06 0.1464853E-06 0.1471121E-06 0.1475125E-06 0.1477605E-06 0.1479068E-06 0.1479902E-06
 0.5360006E+04 0.1261848E-06 0.1326849E-06 0.1375897E-06 0.1412865E-06 0.1440296E-06 0.1460219E-06 0.1474288E-06 0.1483952E-06 0.1490349E-06 0.1494435E-06 0.1496968E-06 0.1498461E-06 0.1499312E-06
 0.5212571E+04 0.1276956E-06 0.1343183E-06 0.1393184E-06 0.1430886E-06 0.1458870E-06 0.1479199E-06 0.1493557E-06 0.1503421E-06 0.1509950E-06 0.1514122E-06 0.1516706E-06 0.1518231E-06 0.1519101E-06
 0.5069187E+04 0.1292328E-06 0.1359813E-06 0.1410793E-06 0.1449248E-06 0.1477800E-06 0.1498546E-06 0.1513201E-06 0.1523270E-06 0.1529936E-06 0.1534195E-06 0.1536834E-06 0.1538390E-06 0.1539277E-06
 0.4929751E+04 0.1307972E-06 0.1376747E-06 0.1428730E-06 0.1467959E-06 0.1497094E-06 0.1518269E-06 0.1533230E-06 0.1543509E-06 0.1550316E-06 0.1554665E-06 0.1557359E-06 0.1558948E-06 0.1559854E-06
 0.4794150E+04 0.1323895E-06 0.1393993E-06 0.1447006E-06 0.1487029E-06 0.1516764E-06 0.1538379E-06 0.1553653E-06 0.1564150E-06 0.1571101E-06 0.1575542E-06 0.1578294E-06 0.1579916E-06 0.1580842E-06
 0.4662276E+04 0.1340102E-06 0.1411558E-06 0.1465628E-06 0.1506468E-06 0.1536818E-06 0.1558887E-06 0.1574484E-06 0.1585204E-06 0.1592303E-06 0.1596839E-06 0.1599649E-06 0.1601307E-06 0.1602253E-06
 0.4534032E+04 0.1356603E-06 0.1429451E-06 0.1484607E-06 0.1526285E-06 0.1557269E-06 0.1579804E-06 0.1595733E-06 0.1606682E-06 0.1613934E-06 0.1618567E-06 0.1621438E-06 0.1623132E-06 0.1624098E-06
 0.4409317E+04 0.1373404E-06 0.1447681E-06 0.1503952E-06 0.1546491E-06 0.1578126E-06 0.1601140E-06 0.1617411E-06 0.1628596E-06 0.1636005E-06 0.1640739E-06 0.1643672E-06 0.1645404E-06 0.1646391E-06
 0.4288031E+04 0.1390512E-06 0.1466256E-06 0.1523672E-06 0.1567097E-06 0.1599402E-06 0.1622909E-06 0.1639531E-06 0.1650959E-06 0.1658529E-06 0.1663367E-06 0.1666365E-06 0.1668134E-06 0.1669143E-06
 0.4170079E+04 0.1407935E-06 0.1485185E-06 0.1543780E-06 0.1588114E-06 0.1621109E-06 0.1645122E-06 0.1662106E-06 0.1673785E-06 0.1681521E-06 0.1686465E-06 0.1689530E-06 0.1691337E-06 0.1692368E-06
 0.4055374E+04 0.1425683E-06 0.1504479E-06 0.1564283E-06 0.1609555E-06 0.1643257E-06 0.1667793E-06 0.1685149E-06 0.1697086E-06 0.1704994E-06 0.0000000E+00 0.0000000E+00 0.0000000E+00 0.0000000E+00
 0.3943825E+04 0.1443763E-06 0.1524147E-06 0.1585195E-06 0.1631429E-06 0.1665862E-06 0.1690934E-06 0.1708674E-06 0.0000000E+00 0.0000000E+00 0.0000000E+00 0.0000000E+00 0.0000000E+00 0.0000000E+00
 0.3835341E+04 0.1462184E-06 0.1544200E-06 0.1606526E-06 0.1653752E-06 0.1688934E-06 0.1714561E-06 0.0000000E+00 0.0000000E+00 0.0000000E+00 0.0000000E+00 0.0000000E+00 0.0000000E+00 0.0000000E+00
 0.3729844E+04 0.1480956E-06 0.1564647E-06 0.1628289E-06 0.1676535E-06 0.1712491E-06 0.0000000E+00 0.0000000E+00 0.0000000E+00 0.0000000E+00 0.0000000E+00 0.0000000E+00 0.0000000E+00 0.0000000E+00
 0.3627248E+04 0.1500088E-06 0.1585501E-06 0.1650496E-06 0.1699793E-06 0.1736544E-06 0.0000000E+00 0.0000000E+00 0.0000000E+00 0.0000000E+00 0.0000000E+00 0.0000000E+00 0.0000000E+00 0.0000000E+00
 0.3527472E+04 0.1519589E-06 0.1606774E-06 0.1673160E-06 0.1723537E-06 0.0000000E+00 0.0000000E+00 0.0000000E+00 0.0000000E+00 0.0000000E+00 0.0000000E+00 0.0000000E+00 0.0000000E+00 0.0000000E+00
 0.3430444E+04 0.1539470E-06 0.1628476E-06 0.1696294E-06 0.1747785E-06 0.0000000E+00 0.0000000E+00 0.0000000E+00 0.0000000E+00 0.0000000E+00 0.0000000E+00 0.0000000E+00 0.0000000E+00 0.0000000E+00
 0.3336084E+04 0.1559743E-06 0.1650620E-06 0.1719914E-06 0.0000000E+00 0.0000000E+00 0.0000000E+00 0.0000000E+00 0.0000000E+00 0.0000000E+00 0.0000000E+00 0.0000000E+00 0.0000000E+00 0.0000000E+00
 0.3244319E+04 0.1580417E-06 0.1673220E-06 0.1744032E-06 0.0000000E+00 0.0000000E+00 0.0000000E+00 0.0000000E+00 0.0000000E+00 0.0000000E+00 0.0000000E+00 0.0000000E+00 0.0000000E+00 0.0000000E+00
 0.3155077E+04 0.1601503E-06 0.1696289E-06 0.1768664E-06 0.0000000E+00 0.0000000E+00 0.0000000E+00 0.0000000E+00 0.0000000E+00 0.0000000E+00 0.0000000E+00 0.0000000E+00 0.0000000E+00 0.0000000E+00
 0.3068291E+04 0.1623015E-06 0.1719841E-06 0.1793826E-06 0.0000000E+00 0.0000000E+00 0.0000000E+00 0.0000000E+00 0.0000000E+00 0.0000000E+00 0.0000000E+00 0.0000000E+00 0.0000000E+00 0.0000000E+00
 0.2983893E+04 0.1644964E-06 0.1743889E-06 0.0000000E+00 0.0000000E+00 0.0000000E+00 0.0000000E+00 0.0000000E+00 0.0000000E+00 0.0000000E+00 0.0000000E+00 0.0000000E+00 0.0000000E+00 0.0000000E+00
 0.2901814E+04 0.1667364E-06 0.1768451E-06 0.0000000E+00 0.0000000E+00 0.0000000E+00 0.0000000E+00 0.0000000E+00 0.0000000E+00 0.0000000E+00 0.0000000E+00 0.0000000E+00 0.0000000E+00 0.0000000E+00
 0.2821995E+04 0.1690227E-06 0.1793541E-06 0.0000000E+00 0.0000000E+00 0.0000000E+00 0.0000000E+00 0.0000000E+00 0.0000000E+00 0.0000000E+00 0.0000000E+00 0.0000000E+00 0.0000000E+00 0.0000000E+00
 0.2744372E+04 0.1713567E-06 0.1819176E-06 0.0000000E+00 0.0000000E+00 0.0000000E+00 0.0000000E+00 0.0000000E+00 0.0000000E+00 0.0000000E+00 0.0000000E+00 0.0000000E+00 0.0000000E+00 0.0000000E+00
 0.2668881E+04 0.1737400E-06 0.0000000E+00 0.0000000E+00 0.0000000E+00 0.0000000E+00 0.0000000E+00 0.0000000E+00 0.0000000E+00 0.0000000E+00 0.0000000E+00 0.0000000E+00 0.0000000E+00 0.0000000E+00
 0.2595470E+04 0.1761739E-06 0.0000000E+00 0.0000000E+00 0.0000000E+00 0.0000000E+00 0.0000000E+00 0.0000000E+00 0.0000000E+00 0.0000000E+00 0.0000000E+00 0.0000000E+00 0.0000000E+00 0.0000000E+00
 0.2524077E+04 0.1786602E-06 0.0000000E+00 0.0000000E+00 0.0000000E+00 0.0000000E+00 0.0000000E+00 0.0000000E+00 0.0000000E+00 0.0000000E+00 0.0000000E+00 0.0000000E+00 0.0000000E+00 0.0000000E+00
 0.2454648E+04 0.1812004E-06 0.0000000E+00 0.0000000E+00 0.0000000E+00 0.0000000E+00 0.0000000E+00 0.0000000E+00 0.0000000E+00 0.0000000E+00 0.0000000E+00 0.0000000E+00 0.0000000E+00 0.0000000E+00
 0.2387127E+04 0.1837963E-06 0.0000000E+00 0.0000000E+00 0.0000000E+00 0.0000000E+00 0.0000000E+00 0.0000000E+00 0.0000000E+00 0.0000000E+00 0.0000000E+00 0.0000000E+00 0.0000000E+00 0.0000000E+00
 0.2321466E+04 0.1864496E-06 0.0000000E+00 0.0000000E+00 0.0000000E+00 0.0000000E+00 0.0000000E+00 0.0000000E+00 0.0000000E+00 0.0000000E+00 0.0000000E+00 0.0000000E+00 0.0000000E+00 0.0000000E+00
 0.2257610E+04 0.1891623E-06 0.0000000E+00 0.0000000E+00 0.0000000E+00 0.0000000E+00 0.0000000E+00 0.0000000E+00 0.0000000E+00 0.0000000E+00 0.0000000E+00 0.0000000E+00 0.0000000E+00 0.0000000E+00