 k(Mpc^-1)     CL=0.4515     CL=0.5763     CL=0.6827     CL=0.7699     CL=0.8385     CL=0.8904     CL=0.9281     CL=0.9545     CL=0.9722     CL=0.9836     CL=0.9907     CL=0.9949     CL=0.9973
 0.4043408E+06 0.4126336E-06 0.4346235E-06 0.4512624E-06 0.4638293E-06 0.4731685E-06 0.4799591E-06 0.4847580E-06 0.4880567E-06 0.4902410E-06 0.4916367E-06 0.4925015E-06 0.4930115E-06 0.4933024E-06
 0.3932185E+06 0.2428698E-06 0.2505703E-06 0.2562027E-06 0.2603512E-06 0.2633775E-06 0.2655484E-06 0.2670679E-06 0.2681054E-06 0.2687893E-06 0.2692250E-06 0.2694944E-06 0.2696532E-06 0.2697437E-06
 0.3824024E+06 0.2323375E-06 0.2393671E-06 0.2444970E-06 0.2482689E-06 0.2510171E-06 0.2529867E-06 0.2543645E-06 0.2553047E-06 0.2559244E-06 0.2563191E-06 0.2565631E-06 0.2567069E-06 0.2567889E-06
 0.3718838E+06 0.2262183E-06 0.2328632E-06 0.2377054E-06 0.2412623E-06 0.2438518E-06 0.2457067E-06 0.2470037E-06 0.2478886E-06 0.2484717E-06 0.2488430E-06 0.2490726E-06 0.2492079E-06 0.2492850E-06
 0.3616543E+06 0.2223497E-06 0.2287493E-06 0.2334084E-06 0.2368283E-06 0.2393169E-06 0.2410988E-06 0.2423445E-06 0.2431942E-06 0.2437540E-06 0.2441106E-06 0.2443310E-06 0.2444608E-06 0.2445348E-06
 0.3517064E+06 0.2198218E-06 0.2260564E-06 0.2305923E-06 0.2339201E-06 0.2363408E-06 0.2380737E-06 0.2392850E-06 0.2401110E-06 0.2406552E-06 0.2410018E-06 0.2412160E-06 0.2413423E-06 0.2414142E-06
 0.3420322E+06 0.2181731E-06 0.2242940E-06 0.2287451E-06 0.2320094E-06 0.2343834E-06 0.2360825E-06 0.2372699E-06 0.2380797E-06 0.2386131E-06 0.2389528E-06 0.2391628E-06 0.2392865E-06 0.2393570E-06
 0.3326240E+06 0.2171406E-06 0.2231831E-06 0.2275755E-06 0.2307960E-06 0.2331376E-06 0.2348133E-06 0.2359843E-06 0.2367828E-06 0.2373087E-06 0.2376436E-06 0.2378507E-06 0.2379727E-06 0.2380422E-06
 0.3234744E+06 0.2165614E-06 0.2225509E-06 0.2269036E-06 0.2300944E-06 0.2324140E-06 0.2340738E-06 0.2352336E-06 0.2360244E-06 0.2365453E-06 0.2368770E-06 0.2370821E-06 0.2372029E-06 0.2372717E-06
 0.3145767E+06 0.2163281E-06 0.2222839E-06 0.2266112E-06 0.2297828E-06 0.2320883E-06 0.2337379E-06 0.2348905E-06 0.2356763E-06 0.2361939E-06 0.2365235E-06 0.2367274E-06 0.2368474E-06 0.2369158E-06
 0.3059238E+06 0.2163671E-06 0.2223040E-06 0.2266169E-06 0.2297777E-06 0.2320751E-06 0.2337189E-06 0.2348673E-06 0.2356503E-06 0.2361660E-06 0.2364944E-06 0.2366975E-06 0.2368171E-06 0.2368852E-06
 0.2975087E+06 0.2166254E-06 0.2225553E-06 0.2268628E-06 0.2300193E-06 0.2323135E-06 0.2339549E-06 0.2351016E-06 0.2358834E-06 0.2363984E-06 0.2367263E-06 0.2369290E-06 0.2370484E-06 0.2371164E-06
 0.2893252E+06 0.2170642E-06 0.2229968E-06 0.2273060E-06 0.2304636E-06 0.2327585E-06 0.2344003E-06 0.2355473E-06 0.2363294E-06 0.2368445E-06 0.2371724E-06 0.2373752E-06 0.2374946E-06 0.2375627E-06
 0.2813669E+06 0.2176539E-06 0.2235975E-06 0.2279143E-06 0.2310775E-06 0.2333764E-06 0.2350210E-06 0.2361699E-06 0.2369534E-06 0.2374693E-06 0.2377978E-06 0.2380009E-06 0.2381206E-06 0.2381887E-06
 0.2736272E+06 0.2183721E-06 0.2243333E-06 0.2286628E-06 0.2318354E-06 0.2341410E-06 0.2357904E-06 0.2369428E-06 0.2377284E-06 0.2382459E-06 0.2385754E-06 0.2387791E-06 0.2388991E-06 0.2389675E-06
 0.2661007E+06 0.2192008E-06 0.2251855E-06 0.2295321E-06 0.2327172E-06 0.2350320E-06 0.2366879E-06 0.2378448E-06 0.2386336E-06 0.2391531E-06 0.2394839E-06 0.2396884E-06 0.2398089E-06 0.2398776E-06
 0.2587811E+06 0.2201258E-06 0.2261390E-06 0.2305066E-06 0.2337070E-06 0.2360330E-06 0.2376970E-06 0.2388595E-06 0.2396521E-06 0.2401742E-06 0.2405066E-06 0.2407121E-06 0.2408331E-06 0.2409021E-06
 0.2516629E+06 0.2211356E-06 0.2271820E-06 0.2315738E-06 0.2347920E-06 0.2371310E-06 0.2388043E-06 0.2399733E-06 0.2407704E-06 0.2412954E-06 0.2416296E-06 0.2418363E-06 0.2419580E-06 0.2420274E-06
 0.2447404E+06 0.2222210E-06 0.2283044E-06 0.2327233E-06 0.2359616E-06 0.2383152E-06 0.2399990E-06 0.2411754E-06 0.2419775E-06 0.2425058E-06 0.2428421E-06 0.2430501E-06 0.2431726E-06 0.2432424E-06
 0.2380084E+06 0.2233741E-06 0.2294981E-06 0.2339469E-06 0.2372071E-06 0.2395767E-06 0.2412721E-06 0.2424566E-06 0.2432642E-06 0.2437961E-06 0.2441348E-06 0.2443443E-06 0.2444676E-06 0.2445379E-06
 0.2314616E+06 0.2245885E-06 0.2307564E-06 0.2352373E-06 0.2385214E-06 0.2409084E-06 0.2426163E-06 0.2438095E-06 0.2446231E-06 0.2451589E-06 0.2455002E-06 0.2457111E-06 0.2458354E-06 0.2459062E-06
 0.2250947E+06 0.2258588E-06 0.2320735E-06 0.2365889E-06 0.2398984E-06 0.2423040E-06 0.2440252E-06 0.2452278E-06 0.2460477E-06 0.2465878E-06 0.2469317E-06 0.2471443E-06 0.2472696E-06 0.2473409E-06
 0.2189031E+06 0.2271804E-06 0.2334448E-06 0.2379965E-06 0.2413329E-06 0.2437583E-06 0.2454936E-06 0.2467061E-06 0.2475329E-06 0.2480774E-06 0.2484241E-06 0.2486385E-06 0.2487648E-06 0.2488368E-06
 0.2128818E+06 0.2285496E-06 0.2348660E-06 0.2394561E-06 0.2428208E-06 0.2452668E-06 0.2470171E-06 0.2482399E-06 0.2490739E-06 0.2496232E-06 0.2499729E-06 0.2501891E-06 0.2503165E-06 0.2503891E-06
 0.2070260E+06 0.2299629E-06 0.2363338E-06 0.2409639E-06 0.2443582E-06 0.2468259E-06 0.2485918E-06 0.2498256E-06 0.2506670E-06 0.2512212E-06 0.2515741E-06 0.2517923E-06 0.2519208E-06 0.2519940E-06
 0.2013314E+06 0.2314176E-06 0.2378451E-06 0.2425170E-06 0.2459421E-06 0.2484324E-06 0.2502145E-06 0.2514598E-06 0.2523089E-06 0.2528682E-06 0.2532244E-06 0.2534446E-06 0.2535743E-06 0.2536482E-06
 0.1957935E+06 0.2329112E-06 0.2393975E-06 0.2441126E-06 0.2475698E-06 0.2500835E-06 0.2518824E-06 0.2531395E-06 0.2539967E-06 0.2545614E-06 0.2549209E-06 0.2551433E-06 0.2552742E-06 0.2553489E-06
 0.1904079E+06 0.2344416E-06 0.2409887E-06 0.2457485E-06 0.2492388E-06 0.2517768E-06 0.2535932E-06 0.2548625E-06 0.2557281E-06 0.2562983E-06 0.2566613E-06 0.2568859E-06 0.2570181E-06 0.2570934E-06
 0.1851703E+06 0.2360071E-06 0.2426168E-06 0.2474228E-06 0.2509473E-06 0.2535104E-06 0.2553448E-06 0.2566267E-06 0.2575009E-06 0.2580768E-06 0.2584435E-06 0.2586703E-06 0.2588038E-06 0.2588799E-06
 0.1800769E+06 0.2376061E-06 0.2442802E-06 0.2491338E-06 0.2526935E-06 0.2552823E-06 0.2571353E-06 0.2584302E-06 0.2593133E-06 0.2598950E-06 0.2602655E-06 0.2604946E-06 0.2606295E-06 0.2607064E-06
 0.1751236E+06 0.2392371E-06 0.2459775E-06 0.2508799E-06 0.2544759E-06 0.2570912E-06 0.2589632E-06 0.2602715E-06 0.2611638E-06 0.2617516E-06 0.2621259E-06 0.2623573E-06 0.2624936E-06 0.2625713E-06
 0.1703064E+06 0.2408991E-06 0.2477075E-06 0.2526600E-06 0.2562932E-06 0.2589357E-06 0.2608273E-06 0.2621494E-06 0.2630510E-06 0.2636450E-06 0.2640232E-06 0.2642571E-06 0.2643948E-06 0.2644733E-06
 0.1656218E+06 0.2425910E-06 0.2494691E-06 0.2544730E-06 0.2581441E-06 0.2608146E-06 0.2627263E-06 0.2640624E-06 0.2649738E-06 0.2655740E-06 0.2659563E-06 0.2661927E-06 0.2663320E-06 0.2664113E-06
 0.1610661E+06 0.2443120E-06 0.2512613E-06 0.2563179E-06 0.2600280E-06 0.2627271E-06 0.2646593E-06 0.2660099E-06 0.2669310E-06 0.2675379E-06 0.2679243E-06 0.2681632E-06 0.2683040E-06 0.2683842E-06
 0.1566356E+06 0.2460613E-06 0.2530835E-06 0.2581939E-06 0.2619440E-06 0.2646722E-06 0.2666255E-06 0.2679908E-06 0.2689221E-06 0.2695356E-06 0.2699262E-06 0.2701678E-06 0.2703101E-06 0.2703912E-06
 0.1523271E+06 0.2478383E-06 0.2549350E-06 0.2601003E-06 0.2638911E-06 0.2666493E-06 0.2686241E-06 0.2700045E-06 0.2709460E-06 0.2715664E-06 0.2719614E-06 0.2722056E-06 0.2723495E-06 0.2724315E-06
 0.1481371E+06 0.2496425E-06 0.2568151E-06 0.2620365E-06 0.2658690E-06 0.2686577E-06 0.2706544E-06 0.2720503E-06 0.2730024E-06 0.2736297E-06 0.2740291E-06 0.2742761E-06 0.2744217E-06 0.2745046E-06
 0.1440624E+06 0.2514733E-06 0.2587235E-06 0.2640022E-06 0.2678771E-06 0.2706970E-06 0.2727161E-06 0.2741277E-06 0.2750907E-06 0.2757250E-06 0.2761290E-06 0.2763788E-06 0.2765260E-06 0.2766098E-06
 0.1400996E+06 0.2533304E-06 0.2606597E-06 0.2659968E-06 0.2699151E-06 0.2727668E-06 0.2748088E-06 0.2762364E-06 0.2772104E-06 0.2778520E-06 0.2782606E-06 0.2785133E-06 0.2786621E-06 0.2787469E-06
 0.1362460E+06 0.2552136E-06 0.2626234E-06 0.2680201E-06 0.2719826E-06 0.2748666E-06 0.2769320E-06 0.2783761E-06 0.2793611E-06 0.2800101E-06 0.2804235E-06 0.2806791E-06 0.2808297E-06 0.2809155E-06
 0.1324983E+06 0.2571224E-06 0.2646143E-06 0.2700717E-06 0.2740792E-06 0.2769963E-06 0.2790855E-06 0.2805463E-06 0.2815428E-06 0.2821993E-06 0.2826175E-06 0.2828760E-06 0.2830283E-06 0.2831151E-06
 0.1288536E+06 0.2590569E-06 0.2666323E-06 0.2721516E-06 0.2762049E-06 0.2791557E-06 0.2812692E-06 0.2827469E-06 0.2837551E-06 0.2844194E-06 0.2848423E-06 0.2851040E-06 0.2852581E-06 0.2853459E-06
 0.1253093E+06 0.2610167E-06 0.2686772E-06 0.2742594E-06 0.2783595E-06 0.2813445E-06 0.2834827E-06 0.2849778E-06 0.2859979E-06 0.2866699E-06 0.2870979E-06 0.2873627E-06 0.2875186E-06 0.2876075E-06
 0.1218625E+06 0.2630018E-06 0.2707489E-06 0.2763952E-06 0.2805429E-06 0.2835629E-06 0.2857262E-06 0.2872390E-06 0.2882710E-06 0.2889511E-06 0.2893842E-06 0.2896521E-06 0.2898098E-06 0.2898997E-06
 0.1185103E+06 0.2650121E-06 0.2728474E-06 0.2785588E-06 0.2827550E-06 0.2858105E-06 0.2879995E-06 0.2895303E-06 0.2905746E-06 0.2912628E-06 0.2917011E-06 0.2919721E-06 0.2921318E-06 0.2922228E-06
 0.1152505E+06 0.2670477E-06 0.2749726E-06 0.2807504E-06 0.2849958E-06 0.2880875E-06 0.2903026E-06 0.2918516E-06 0.2929085E-06 0.2936050E-06 0.2940486E-06 0.2943229E-06 0.2944845E-06 0.2945766E-06
 0.1120804E+06 0.2691085E-06 0.2771245E-06 0.2829698E-06 0.2872655E-06 0.2903940E-06 0.2926356E-06 0.2942032E-06 0.2952730E-06 0.2959778E-06 0.2964267E-06 0.2967044E-06 0.2968679E-06 0.2969611E-06
 0.1089974E+06 0.2711945E-06 0.2793033E-06 0.2852173E-06 0.2895640E-06 0.2927300E-06 0.2949985E-06 0.2965851E-06 0.2976678E-06 0.2983813E-06 0.2988356E-06 0.2991167E-06 0.2992822E-06 0.2993766E-06
 0.1059992E+06 0.2733059E-06 0.2815089E-06 0.2874928E-06 0.2918914E-06 0.2950955E-06 0.2973916E-06 0.2989975E-06 0.3000934E-06 0.3008155E-06 0.3012755E-06 0.3015599E-06 0.3017275E-06 0.3018230E-06
 0.1030835E+06 0.2754428E-06 0.2837417E-06 0.2897965E-06 0.2942479E-06 0.2974908E-06 0.2998148E-06 0.3014404E-06 0.3025497E-06 0.3032807E-06 0.3037463E-06 0.3040343E-06 0.3042040E-06 0.3043007E-06
 0.1002481E+06 0.2776052E-06 0.2860015E-06 0.2921285E-06 0.2966336E-06 0.2999160E-06 0.3022684E-06 0.3039140E-06 0.3050370E-06 0.3057770E-06 0.3062484E-06 0.3065399E-06 0.3067117E-06 0.3068096E-06
 0.9749050E+05 0.2797933E-06 0.2882886E-06 0.2944891E-06 0.2990489E-06 0.3023713E-06 0.3047527E-06 0.3064186E-06 0.3075555E-06 0.3083047E-06 0.3087820E-06 0.3090771E-06 0.3092510E-06 0.3093501E-06
 0.9480886E+05 0.2820074E-06 0.2906033E-06 0.2968785E-06 0.3014937E-06 0.3048570E-06 0.3072678E-06 0.3089544E-06 0.3101054E-06 0.3108640E-06 0.3113472E-06 0.3116460E-06 0.3118220E-06 0.3119224E-06
 0.9220100E+05 0.2842476E-06 0.2929458E-06 0.2992968E-06 0.3039685E-06 0.3073732E-06 0.3098140E-06 0.3115216E-06 0.3126870E-06 0.3134551E-06 0.3139443E-06 0.3142470E-06 0.3144252E-06 0.3145268E-06
 0.8966479E+05 0.2865140E-06 0.2953162E-06 0.3017444E-06 0.3064735E-06 0.3099205E-06 0.3123916E-06 0.3141205E-06 0.3153007E-06 0.3160784E-06 0.3165738E-06 0.3168802E-06 0.3170607E-06 0.3171636E-06
 0.8719842E+05 0.2888069E-06 0.2977148E-06 0.3042214E-06 0.3090089E-06 0.3124988E-06 0.3150009E-06 0.3167515E-06 0.3179465E-06 0.3187341E-06 0.3192359E-06 0.3195461E-06 0.3197289E-06 0.3198331E-06
 0.8479989E+05 0.2911267E-06 0.3001419E-06 0.3067282E-06 0.3115751E-06 0.3151086E-06 0.3176422E-06 0.3194149E-06 0.3206251E-06 0.3214227E-06 0.3219308E-06 0.3222450E-06 0.3224301E-06 0.3225356E-06
 0.8246733E+05 0.2934735E-06 0.3025978E-06 0.3092651E-06 0.3141723E-06 0.3177502E-06 0.3203158E-06 0.3221111E-06 0.3233366E-06 0.3241444E-06 0.3246590E-06 0.3249772E-06 0.3251646E-06 0.3252715E-06
 0.8019888E+05 0.2958477E-06 0.3050828E-06 0.3118324E-06 0.3168010E-06 0.3204240E-06 0.3230222E-06 0.3248404E-06 0.3260815E-06 0.3268996E-06 0.3274208E-06 0.3277431E-06 0.3279331E-06 0.3280413E-06
 0.7799288E+05 0.2982494E-06 0.3075972E-06 0.3144306E-06 0.3194614E-06 0.3231304E-06 0.3257617E-06 0.3276031E-06 0.3288602E-06 0.3296889E-06 0.3302166E-06 0.3305432E-06 0.3307355E-06 0.3308451E-06
 0.7584756E+05 0.3006790E-06 0.3101413E-06 0.3170599E-06 0.3221541E-06 0.3258697E-06 0.3285346E-06 0.3303997E-06 0.3316730E-06 0.3325124E-06 0.3330470E-06 0.3333778E-06 0.3335726E-06 0.3336836E-06
 0.7376119E+05 0.3031370E-06 0.3127156E-06 0.3197206E-06 0.3248794E-06 0.3286423E-06 0.3313415E-06 0.3332307E-06 0.3345205E-06 0.3353707E-06 0.3359123E-06 0.3362473E-06 0.3364448E-06 0.3365573E-06
 0.7173228E+05 0.3056235E-06 0.3153204E-06 0.3224132E-06 0.3276376E-06 0.3314488E-06 0.3341827E-06 0.3360965E-06 0.3374030E-06 0.3382643E-06 0.3388130E-06 0.3391523E-06 0.3393522E-06 0.3394663E-06
 0.6975917E+05 0.3081389E-06 0.3179559E-06 0.3251383E-06 0.3304291E-06 0.3342894E-06 0.3370588E-06 0.3389974E-06 0.3403210E-06 0.3411935E-06 0.3417494E-06 0.3420933E-06 0.3422958E-06 0.3424113E-06
 0.6784028E+05 0.3106836E-06 0.3206228E-06 0.3278960E-06 0.3332546E-06 0.3371648E-06 0.3399701E-06 0.3419340E-06 0.3432750E-06 0.3441590E-06 0.3447222E-06 0.3450706E-06 0.3452758E-06 0.3453928E-06
 0.6597422E+05 0.3132581E-06 0.3233213E-06 0.3306868E-06 0.3361144E-06 0.3400752E-06 0.3429172E-06 0.3449069E-06 0.3462654E-06 0.3471611E-06 0.3477318E-06 0.3480848E-06 0.3482927E-06 0.3484113E-06
 0.6415950E+05 0.3158625E-06 0.3260518E-06 0.3335113E-06 0.3390089E-06 0.3430214E-06 0.3459006E-06 0.3479165E-06 0.3492931E-06 0.3502005E-06 0.3507787E-06 0.3511364E-06 0.3513471E-06 0.3514672E-06
 0.6239464E+05 0.3184975E-06 0.3288150E-06 0.3363698E-06 0.3419388E-06 0.3460037E-06 0.3489208E-06 0.3509634E-06 0.3523581E-06 0.3532777E-06 0.3538636E-06 0.3542259E-06 0.3544395E-06 0.3545613E-06
 0.6067838E+05 0.3211632E-06 0.3316110E-06 0.3392630E-06 0.3449044E-06 0.3490226E-06 0.3519783E-06 0.3540479E-06 0.3554613E-06 0.3563931E-06 0.3569868E-06 0.3573541E-06 0.3575704E-06 0.3576938E-06
 0.5900932E+05 0.3238603E-06 0.3344405E-06 0.3421912E-06 0.3479062E-06 0.3520787E-06 0.3550736E-06 0.3571707E-06 0.3586030E-06 0.3595474E-06 0.3601491E-06 0.3605212E-06 0.3607405E-06 0.3608655E-06
 0.5738617E+05 0.3265891E-06 0.3373039E-06 0.3451549E-06 0.3509448E-06 0.3551726E-06 0.3582074E-06 0.3603326E-06 0.3617841E-06 0.3627411E-06 0.3633509E-06 0.3637281E-06 0.3639503E-06 0.3640769E-06
 0.5580763E+05 0.3293502E-06 0.3402017E-06 0.3481547E-06 0.3540209E-06 0.3583048E-06 0.3613802E-06 0.3635339E-06 0.3650050E-06 0.3659749E-06 0.3665929E-06 0.3669752E-06 0.3672005E-06 0.3673289E-06
 0.5427256E+05 0.3321438E-06 0.3431344E-06 0.3511912E-06 0.3571348E-06 0.3614758E-06 0.3645925E-06 0.3667752E-06 0.3682662E-06 0.3692494E-06 0.3698757E-06 0.3702633E-06 0.3704915E-06 0.3706217E-06
 0.5277970E+05 0.3349705E-06 0.3461025E-06 0.3542648E-06 0.3602873E-06 0.3646864E-06 0.3678450E-06 0.3700573E-06 0.3715686E-06 0.3725651E-06 0.3731999E-06 0.3735928E-06 0.3738242E-06 0.3739561E-06
 0.5132787E+05 0.3378309E-06 0.3491066E-06 0.3573761E-06 0.3634787E-06 0.3679369E-06 0.3711383E-06 0.3733808E-06 0.3749125E-06 0.3759227E-06 0.3765663E-06 0.3769646E-06 0.3771992E-06 0.3773329E-06
 0.4991602E+05 0.3407253E-06 0.3521471E-06 0.3605257E-06 0.3667099E-06 0.3712283E-06 0.3744732E-06 0.3767462E-06 0.3782990E-06 0.3793230E-06 0.3799754E-06 0.3803791E-06 0.3806169E-06 0.3807525E-06
 0.4854300E+05 0.3436542E-06 0.3552246E-06 0.3637142E-06 0.3699814E-06 0.3745610E-06 0.3778501E-06 0.3801543E-06 0.3817284E-06 0.3827665E-06 0.3834280E-06 0.3838372E-06 0.3840783E-06 0.3842157E-06
 0.4720771E+05 0.3466183E-06 0.3583398E-06 0.3669423E-06 0.3732938E-06 0.3779356E-06 0.3812698E-06 0.3836057E-06 0.3852015E-06 0.3862540E-06 0.3869247E-06 0.3873396E-06 0.3875841E-06 0.3877234E-06
 0.4590919E+05 0.3496180E-06 0.3614931E-06 0.3702104E-06 0.3766479E-06 0.3813531E-06 0.3847331E-06 0.3871011E-06 0.3887192E-06 0.3897862E-06 0.3904661E-06 0.3908869E-06 0.3911347E-06 0.3912760E-06
 0.4464638E+05 0.3526538E-06 0.3646851E-06 0.3735192E-06 0.3800441E-06 0.3848138E-06 0.3882404E-06 0.3906413E-06 0.3922819E-06 0.3933638E-06 0.3940532E-06 0.3944798E-06 0.3947311E-06 0.3948744E-06
 0.4341831E+05 0.3557264E-06 0.3679166E-06 0.3768693E-06 0.3834832E-06 0.3883185E-06 0.3917926E-06 0.3942271E-06 0.3958904E-06 0.3969875E-06 0.3976867E-06 0.3981193E-06 0.3983741E-06 0.3985194E-06
 0.4222399E+05 0.3588363E-06 0.3711880E-06 0.3802618E-06 0.3869660E-06 0.3918681E-06 0.3953905E-06 0.3978590E-06 0.3995457E-06 0.4006582E-06 0.4013672E-06 0.4018060E-06 0.4020644E-06 0.4022117E-06
 0.4106255E+05 0.3619839E-06 0.3745000E-06 0.3836967E-06 0.3904931E-06 0.3954632E-06 0.3990349E-06 0.4015379E-06 0.4032484E-06 0.4043767E-06 0.4050957E-06 0.4055405E-06 0.4058026E-06 0.4059520E-06
 0.3993306E+05 0.3651701E-06 0.3778533E-06 0.3871751E-06 0.3940652E-06 0.3991046E-06 0.4027263E-06 0.4052646E-06 0.4069994E-06 0.4081436E-06 0.4088727E-06 0.4093240E-06 0.4095898E-06 0.4097413E-06
 0.3883461E+05 0.3683953E-06 0.3812485E-06 0.3906977E-06 0.3976831E-06 0.4027930E-06 0.4064658E-06 0.4090400E-06 0.4107994E-06 0.4119599E-06 0.4126994E-06 0.4131571E-06 0.4134267E-06 0.4135804E-06
 0.3776640E+05 0.3716601E-06 0.3846863E-06 0.3942651E-06 0.4013477E-06 0.4065292E-06 0.4102539E-06 0.4128648E-06 0.4146491E-06 0.4158262E-06 0.4165765E-06 0.4170406E-06 0.4173140E-06 0.4174699E-06
 0.3672758E+05 0.3749653E-06 0.3881675E-06 0.3978781E-06 0.4050595E-06 0.4103140E-06 0.4140915E-06 0.4167397E-06 0.4185496E-06 0.4197436E-06 0.4205046E-06 0.4209755E-06 0.4212529E-06 0.4214111E-06
 0.3571730E+05 0.3783113E-06 0.3916925E-06 0.4015374E-06 0.4088195E-06 0.4141484E-06 0.4179798E-06 0.4206659E-06 0.4225018E-06 0.4237130E-06 0.4244850E-06 0.4249626E-06 0.4252440E-06 0.4254044E-06
 0.3473484E+05 0.3816990E-06 0.3952624E-06 0.4052438E-06 0.4126284E-06 0.4180331E-06 0.4219193E-06 0.4246439E-06 0.4265064E-06 0.4277352E-06 0.4285182E-06 0.4290029E-06 0.4292884E-06 0.4294511E-06
 0.3377940E+05 0.3851289E-06 0.3988777E-06 0.4089982E-06 0.4164869E-06 0.4219689E-06 0.4259108E-06 0.4286749E-06 0.4305645E-06 0.4318109E-06 0.4326055E-06 0.4330972E-06 0.4333869E-06 0.4335520E-06
 0.3285024E+05 0.3886018E-06 0.4025391E-06 0.4128012E-06 0.4203962E-06 0.4259567E-06 0.4299555E-06 0.4327597E-06 0.4346768E-06 0.4359414E-06 0.4367476E-06 0.4372465E-06 0.4375404E-06 0.4377080E-06
 0.3194662E+05 0.3921183E-06 0.4062476E-06 0.4166538E-06 0.4243571E-06 0.4299975E-06 0.4340544E-06 0.4368993E-06 0.4388444E-06 0.4401277E-06 0.4409456E-06 0.4414518E-06 0.4417501E-06 0.4419201E-06
 0.3106788E+05 0.3956791E-06 0.4100038E-06 0.4205568E-06 0.4283702E-06 0.4340920E-06 0.4382080E-06 0.4410947E-06 0.4430682E-06 0.4443704E-06 0.4452005E-06 0.4457141E-06 0.4460167E-06 0.4461892E-06
 0.3021331E+05 0.3992851E-06 0.4138087E-06 0.4245111E-06 0.4324366E-06 0.4382414E-06 0.4424175E-06 0.4453467E-06 0.4473493E-06 0.4486707E-06 0.4495131E-06 0.4500344E-06 0.4503415E-06 0.4505166E-06
 0.2938222E+05 0.4029370E-06 0.4176631E-06 0.4285174E-06 0.4365573E-06 0.4424467E-06 0.4466841E-06 0.4496565E-06 0.4516888E-06 0.4530298E-06 0.4538847E-06 0.4544137E-06 0.4547255E-06 0.4549032E-06
 0.2857402E+05 0.4066354E-06 0.4215675E-06 0.4325768E-06 0.4407331E-06 0.4467087E-06 0.4510086E-06 0.4540250E-06 0.4560875E-06 0.4574486E-06 0.4583163E-06 0.4588531E-06 0.4591696E-06 0.4593500E-06
 0.2778804E+05 0.4103812E-06 0.4255231E-06 0.4366903E-06 0.4449651E-06 0.4510286E-06 0.4553920E-06 0.4584533E-06 0.4605468E-06 0.4619280E-06 0.4628087E-06 0.4633538E-06 0.4636749E-06 0.4638580E-06
 0.2702367E+05 0.4141752E-06 0.4295307E-06 0.4408585E-06 0.4492543E-06 0.4554071E-06 0.4598356E-06 0.4629427E-06 0.4650673E-06 0.4664696E-06 0.4673635E-06 0.4679166E-06 0.4682428E-06 0.4684286E-06
 0.2628034E+05 0.4180182E-06 0.4335912E-06 0.4450826E-06 0.4536016E-06 0.4598456E-06 0.4643402E-06 0.4674939E-06 0.4696506E-06 0.4710740E-06 0.4719815E-06 0.4725432E-06 0.4728740E-06 0.4730627E-06
 0.2555746E+05 0.4219109E-06 0.4377054E-06 0.4493638E-06 0.4580081E-06 0.4643451E-06 0.4689071E-06 0.4721082E-06 0.4742977E-06 0.4757427E-06 0.4766640E-06 0.4772340E-06 0.4775700E-06 0.4777615E-06
 0.2485446E+05 0.4258543E-06 0.4418744E-06 0.4537027E-06 0.4624749E-06 0.4689066E-06 0.4735373E-06 0.4767871E-06 0.4790097E-06 0.4804767E-06 0.4814121E-06 0.4819908E-06 0.4823319E-06 0.4825263E-06
 0.2417078E+05 0.4298494E-06 0.4460992E-06 0.4581006E-06 0.4670031E-06 0.4735314E-06 0.4782322E-06 0.4815312E-06 0.4837880E-06 0.4852775E-06 0.4862270E-06 0.4868148E-06 0.4871611E-06 0.4873585E-06
 0.2350592E+05 0.4338970E-06 0.4503807E-06 0.4625583E-06 0.4715937E-06 0.4782204E-06 0.4829926E-06 0.4863423E-06 0.4886335E-06 0.4901459E-06 0.4911102E-06 0.4917069E-06 0.4920587E-06 0.4922592E-06
 0.2285935E+05 0.4379978E-06 0.4547198E-06 0.4670774E-06 0.4762479E-06 0.4829750E-06 0.4878201E-06 0.4912211E-06 0.4935476E-06 0.4950834E-06 0.4960627E-06 0.4966688E-06 0.4970259E-06 0.4972295E-06
 0.2223055E+05 0.4421529E-06 0.4591177E-06 0.4716585E-06 0.4809670E-06 0.4877965E-06 0.4927159E-06 0.4961694E-06 0.4985319E-06 0.5000915E-06 0.5010860E-06 0.5017015E-06 0.5020642E-06 0.5022710E-06
 0.2161907E+05 0.4463632E-06 0.4635754E-06 0.4763029E-06 0.4857521E-06 0.4926859E-06 0.4976811E-06 0.5011881E-06 0.5035874E-06 0.5051713E-06 0.5061813E-06 0.5068065E-06 0.5071748E-06 0.5073848E-06
 0.2102440E+05 0.4506297E-06 0.4680939E-06 0.4810117E-06 0.4906044E-06 0.4976447E-06 0.5027172E-06 0.5062787E-06 0.5087155E-06 0.5103242E-06 0.5113501E-06 0.5119851E-06 0.5123592E-06 0.5125725E-06
 0.2044607E+05 0.4549534E-06 0.4726745E-06 0.4857862E-06 0.4955253E-06 0.5026743E-06 0.5078256E-06 0.5114427E-06 0.5139179E-06 0.5155519E-06 0.5165938E-06 0.5172388E-06 0.5176188E-06 0.5178355E-06
 0.1988367E+05 0.4593355E-06 0.4773182E-06 0.4906276E-06 0.5005160E-06 0.5077756E-06 0.5130074E-06 0.5166814E-06 0.5191955E-06 0.5208553E-06 0.5219139E-06 0.5225689E-06 0.5229550E-06 0.5231753E-06
 0.1933674E+05 0.4637765E-06 0.4820259E-06 0.4955372E-06 0.5055778E-06 0.5129504E-06 0.5182642E-06 0.5219961E-06 0.5245501E-06 0.5262364E-06 0.5273117E-06 0.5279772E-06 0.5283694E-06 0.5285931E-06
 0.1880485E+05 0.4682780E-06 0.4867994E-06 0.5005161E-06 0.5107119E-06 0.5181998E-06 0.5235974E-06 0.5273886E-06 0.5299831E-06 0.5316963E-06 0.5327889E-06 0.5334650E-06 0.5338635E-06 0.5340909E-06
 0.1828758E+05 0.4728410E-06 0.4916393E-06 0.5055659E-06 0.5159201E-06 0.5235255E-06 0.5290086E-06 0.5328600E-06 0.5354963E-06 0.5372369E-06 0.5383470E-06 0.5390340E-06 0.5394389E-06 0.5396698E-06
 0.1778455E+05 0.4774665E-06 0.4965474E-06 0.5106878E-06 0.5212033E-06 0.5289288E-06 0.5344991E-06 0.5384124E-06 0.5410908E-06 0.5428594E-06 0.5439875E-06 0.5446858E-06 0.5450973E-06 0.5453319E-06
 0.1729536E+05 0.4821556E-06 0.5015244E-06 0.5158830E-06 0.5265633E-06 0.5344115E-06 0.5400709E-06 0.5440469E-06 0.5467687E-06 0.5485660E-06 0.5497122E-06 0.5504218E-06 0.5508399E-06 0.5510784E-06
 0.1681961E+05 0.4869095E-06 0.5065720E-06 0.5211532E-06 0.5320018E-06 0.5399748E-06 0.5457251E-06 0.5497654E-06 0.5525314E-06 0.5543579E-06 0.5555230E-06 0.5562440E-06 0.5566689E-06 0.5569113E-06
 0.1635696E+05 0.4917297E-06 0.5116916E-06 0.5264995E-06 0.5375198E-06 0.5456205E-06 0.5514636E-06 0.5555697E-06 0.5583805E-06 0.5602370E-06 0.5614211E-06 0.5621539E-06 0.5625861E-06 0.5628324E-06
 0.1590704E+05 0.4966168E-06 0.5168841E-06 0.5319238E-06 0.5431191E-06 0.5513503E-06 0.5572882E-06 0.5614610E-06 0.5643182E-06 0.5662051E-06 0.5674085E-06 0.5681536E-06 0.5685927E-06 0.5688430E-06
 0.1546948E+05 0.5015727E-06 0.5221514E-06 0.5374275E-06 0.5488016E-06 0.5571655E-06 0.5632002E-06 0.5674417E-06 0.5703457E-06 0.5722638E-06 0.5734873E-06 0.5742448E-06 0.5746911E-06 0.5749456E-06
 0.1504396E+05 0.5065982E-06 0.5274946E-06 0.5430118E-06 0.5545687E-06 0.5630685E-06 0.5692020E-06 0.5735132E-06 0.5764654E-06 0.5784153E-06 0.5796590E-06 0.5804291E-06 0.5808828E-06 0.5811416E-06
 0.1463016E+05 0.5116949E-06 0.5329153E-06 0.5486787E-06 0.5604217E-06 0.5690604E-06 0.5752949E-06 0.5796775E-06 0.5826789E-06 0.5846613E-06 0.5859257E-06 0.5867087E-06 0.5871701E-06 0.5874332E-06
 0.1422773E+05 0.5168641E-06 0.5384151E-06 0.5544298E-06 0.5663631E-06 0.5751432E-06 0.5814809E-06 0.5859366E-06 0.5889879E-06 0.5910036E-06 0.5922895E-06 0.5930856E-06 0.5935548E-06 0.5938223E-06
 0.1383636E+05 0.5221071E-06 0.5439954E-06 0.5602665E-06 0.5723943E-06 0.5813192E-06 0.5877622E-06 0.5922926E-06 0.5953951E-06 0.5974448E-06 0.5987523E-06 0.5995617E-06 0.6000387E-06 0.6003108E-06
 0.1345577E+05 0.5274255E-06 0.5496580E-06 0.5661909E-06 0.5785172E-06 0.5875899E-06 0.5941406E-06 0.5987468E-06 0.6019020E-06 0.6039864E-06 0.6053159E-06 0.6061393E-06 0.6066244E-06 0.6069011E-06
 0.1308565E+05 0.5328205E-06 0.5554042E-06 0.5722046E-06 0.5847335E-06 0.5939573E-06 0.6006180E-06 0.6053021E-06 0.6085108E-06 0.6106307E-06 0.6119829E-06 0.6128203E-06 0.6133138E-06 0.6135952E-06
 0.1272570E+05 0.5382939E-06 0.5612362E-06 0.5783093E-06 0.5910453E-06 0.6004234E-06 0.6071966E-06 0.6119605E-06 0.6152237E-06 0.6173799E-06 0.6187555E-06 0.6196070E-06 0.6201092E-06 0.6203955E-06
 0.1237566E+05 0.5438469E-06 0.5671551E-06 0.5845070E-06 0.5974546E-06 0.6069904E-06 0.6138785E-06 0.6187238E-06 0.6220430E-06 0.6242362E-06 0.6256356E-06 0.6265018E-06 0.6270127E-06 0.6273039E-06
 0.1203525E+05 0.5494813E-06 0.5731630E-06 0.5907997E-06 0.6039634E-06 0.6136604E-06 0.6206660E-06 0.6255945E-06 0.6289710E-06 0.6312021E-06 0.6326257E-06 0.6335069E-06 0.6340267E-06 0.6343230E-06
 0.1170419E+05 0.5551984E-06 0.5792616E-06 0.5971893E-06 0.6105739E-06 0.6204357E-06 0.6275615E-06 0.6325750E-06 0.6360100E-06 0.6382799E-06 0.6397283E-06 0.6406249E-06 0.6411535E-06 0.6414549E-06
 0.1138225E+05 0.5610002E-06 0.5854528E-06 0.6036777E-06 0.6172881E-06 0.6273184E-06 0.6345669E-06 0.6396675E-06 0.6431623E-06 0.6454719E-06 0.6469457E-06 0.6478580E-06 0.6483959E-06 0.6487026E-06
 0.1106916E+05 0.5668884E-06 0.5917387E-06 0.6102673E-06 0.6241081E-06 0.6343107E-06 0.6416849E-06 0.6468743E-06 0.6504304E-06 0.6527806E-06 0.6542804E-06 0.6552091E-06 0.6557564E-06 0.6560685E-06
 0.1076468E+05 0.5728645E-06 0.5981210E-06 0.6169595E-06 0.6310365E-06 0.6414152E-06 0.6489179E-06 0.6541984E-06 0.6578171E-06 0.6602089E-06 0.6617352E-06 0.6626800E-06 0.6632374E-06 0.6635550E-06
 0.1046858E+05 0.5789303E-06 0.6046016E-06 0.6237575E-06 0.6380757E-06 0.6486345E-06 0.6562686E-06 0.6616422E-06 0.6653251E-06 0.6677593E-06 0.6693128E-06 0.6702745E-06 0.6708415E-06 0.6711648E-06
 0.1018062E+05 0.5850878E-06 0.6111830E-06 0.6306629E-06 0.6452278E-06 0.6559708E-06 0.6637394E-06 0.6692080E-06 0.6729568E-06 0.6754345E-06 0.6770155E-06 0.6779947E-06 0.6785719E-06 0.6789010E-06
 0.9900587E+04 0.5913388E-06 0.6178669E-06 0.6376782E-06 0.6524950E-06 0.6634268E-06 0.6713330E-06 0.6768991E-06 0.6807150E-06 0.6832372E-06 0.6848467E-06 0.6858436E-06 0.6864311E-06 0.6867662E-06
 0.9628248E+04 0.5976852E-06 0.6246557E-06 0.6448058E-06 0.6598807E-06 0.6710051E-06 0.6790521E-06 0.6847183E-06 0.6886026E-06 0.6911705E-06 0.6928094E-06 0.6938241E-06 0.6944223E-06 0.6947634E-06
 0.9363408E+04 0.6041290E-06 0.6315519E-06 0.6520480E-06 0.6673869E-06 0.6787086E-06 0.6868997E-06 0.6926680E-06 0.6966228E-06 0.6992373E-06 0.7009060E-06 0.7019392E-06 0.7025483E-06 0.7028960E-06
 0.9105852E+04 0.6106723E-06 0.6385570E-06 0.6594076E-06 0.6750164E-06 0.6865400E-06 0.6948786E-06 0.7007516E-06 0.7047784E-06 0.7074407E-06 0.7091400E-06 0.7101921E-06 0.7108124E-06 0.7111665E-06
 0.8855375E+04 0.6173174E-06 0.6456745E-06 0.6668870E-06 0.6827721E-06 0.6945024E-06 0.7029921E-06 0.7089722E-06 0.7130727E-06 0.7157839E-06 0.7175146E-06 0.7185861E-06 0.7192182E-06 0.7195785E-06
 0.8611794E+04 0.6240657E-06 0.6529057E-06 0.6744890E-06 0.6906568E-06 0.7025988E-06 0.7112431E-06 0.7173325E-06 0.7215090E-06 0.7242704E-06 0.7260327E-06 0.7271245E-06 0.7277680E-06 0.7281350E-06
 0.8374912E+04 0.6309201E-06 0.6602537E-06 0.6822162E-06 0.6986733E-06 0.7108319E-06 0.7196346E-06 0.7258368E-06 0.7300903E-06 0.7329030E-06 0.7346986E-06 0.7358104E-06 0.7364659E-06 0.7368397E-06
 0.8144541E+04 0.6378830E-06 0.6677215E-06 0.6900715E-06 0.7068248E-06 0.7192053E-06 0.7281702E-06 0.7344875E-06 0.7388204E-06 0.7416857E-06 0.7435150E-06 0.7446476E-06 0.7453158E-06 0.7456967E-06
 0.7920512E+04 0.6449559E-06 0.6753108E-06 0.6980581E-06 0.7151143E-06 0.7277224E-06 0.7368531E-06 0.7432883E-06 0.7477029E-06 0.7506218E-06 0.7524855E-06 0.7536399E-06 0.7543204E-06 0.7547085E-06
 0.7702646E+04 0.6521420E-06 0.6830250E-06 0.7061786E-06 0.7235453E-06 0.7363857E-06 0.7456871E-06 0.7522432E-06 0.7567407E-06 0.7597153E-06 0.7616144E-06 0.7627907E-06 0.7634841E-06 0.7638796E-06
 0.7490773E+04 0.6594435E-06 0.6908668E-06 0.7144359E-06 0.7321210E-06 0.7451999E-06 0.7546758E-06 0.7613557E-06 0.7659386E-06 0.7689699E-06 0.7709052E-06 0.7721037E-06 0.7728107E-06 0.7732138E-06
 0.7284721E+04 0.6668627E-06 0.6988387E-06 0.7228340E-06 0.7408448E-06 0.7541681E-06 0.7638228E-06 0.7706297E-06 0.7753002E-06 0.7783896E-06 0.7803621E-06 0.7815836E-06 0.7823039E-06 0.7827147E-06
 0.7084343E+04 0.6744029E-06 0.7069446E-06 0.7313755E-06 0.7497201E-06 0.7632937E-06 0.7731317E-06 0.7800689E-06 0.7848291E-06 0.7879781E-06 0.7899887E-06 0.7912339E-06 0.7919685E-06 0.7923873E-06
 0.6889477E+04 0.6820662E-06 0.7151868E-06 0.7400642E-06 0.7587506E-06 0.7725809E-06 0.7826069E-06 0.7896776E-06 0.7945299E-06 0.7977400E-06 0.7997898E-06 0.8010592E-06 0.8018081E-06 0.8022351E-06
 0.6699966E+04 0.6898555E-06 0.7235687E-06 0.7489035E-06 0.7679403E-06 0.7820337E-06 0.7922525E-06 0.7994601E-06 0.8044068E-06 0.8076796E-06 0.8097695E-06 0.8110639E-06 0.8118275E-06 0.8122628E-06
 0.6515673E+04 0.6977736E-06 0.7320934E-06 0.7578970E-06 0.7772927E-06 0.7916558E-06 0.8020723E-06 0.8094203E-06 0.8144640E-06 0.8178012E-06 0.8199323E-06 0.8212525E-06 0.8220308E-06 0.8224748E-06
 0.6336449E+04 0.7058237E-06 0.7407646E-06 0.7670483E-06 0.7868120E-06 0.8014523E-06 0.8120715E-06 0.8195633E-06 0.8247069E-06 0.8281100E-06 0.8302829E-06 0.8316294E-06 0.8324232E-06 0.8328760E-06
 0.6162150E+04 0.7140087E-06 0.7495857E-06 0.7763613E-06 0.7965029E-06 0.8114266E-06 0.8222539E-06 0.8298935E-06 0.8351392E-06 0.8386101E-06 0.8408264E-06 0.8421998E-06 0.8430095E-06 0.8434713E-06
 0.5992650E+04 0.7223319E-06 0.7585604E-06 0.7858402E-06 0.8063685E-06 0.8215832E-06 0.8326240E-06 0.8404160E-06 0.8457660E-06 0.8493065E-06 0.8515677E-06 0.8529688E-06 0.8537948E-06 0.8542659E-06
 0.5827813E+04 0.7307960E-06 0.7676919E-06 0.7954886E-06 0.8164143E-06 0.8319278E-06 0.8431877E-06 0.8511355E-06 0.8565931E-06 0.8602051E-06 0.8625121E-06 0.8639410E-06 0.8647837E-06 0.8652644E-06
 0.5667510E+04 0.7394051E-06 0.7769847E-06 0.8053114E-06 0.8266444E-06 0.8424645E-06 0.8539494E-06 0.8620567E-06 0.8676252E-06 0.8713106E-06 0.8736641E-06 0.8751227E-06 0.8759826E-06 0.8764731E-06
 0.5511612E+04 0.7481621E-06 0.7864424E-06 0.8153125E-06 0.8370635E-06 0.8531982E-06 0.8649141E-06 0.8731862E-06 0.8788677E-06 0.8826285E-06 0.8850307E-06 0.8865188E-06 0.8873963E-06 0.8878969E-06
 0.5360006E+04 0.7570710E-06 0.7960694E-06 0.8254969E-06 0.8476764E-06 0.8641341E-06 0.8760872E-06 0.8845282E-06 0.8903263E-06 0.8941644E-06 0.8966163E-06 0.8981356E-06 0.8990313E-06 0.8995423E-06
 0.5212571E+04 0.7661350E-06 0.8058696E-06 0.8358685E-06 0.8584885E-06 0.8752780E-06 0.8874748E-06 0.8960892E-06 0.9020071E-06 0.9059248E-06 0.9084277E-06 0.9099781E-06 0.9108930E-06 0.9114146E-06
 0.5069187E+04 0.7753578E-06 0.8158471E-06 0.8464331E-06 0.8695051E-06 0.8866354E-06 0.8990825E-06 0.9078751E-06 0.9139161E-06 0.9179157E-06 0.9204709E-06 0.9220539E-06 0.9229875E-06 0.9235200E-06
 0.4929751E+04 0.7847438E-06 0.8260070E-06 0.8571951E-06 0.8807312E-06 0.8982114E-06 0.9109158E-06 0.9198916E-06 0.9260592E-06 0.9301429E-06 0.9327520E-06 0.9343684E-06 0.9353217E-06 0.9358655E-06
 0.4794150E+04 0.7942969E-06 0.8363539E-06 0.8681600E-06 0.8921726E-06 0.9100126E-06 0.9229813E-06 0.9321450E-06 0.9384432E-06 0.9426134E-06 0.9452779E-06 0.9469286E-06 0.9479023E-06 0.9484577E-06
 0.4662276E+04 0.8040211E-06 0.8468924E-06 0.8793330E-06 0.9038352E-06 0.9220448E-06 0.9352853E-06 0.9446432E-06 0.9510748E-06 0.9553339E-06 0.9580554E-06 0.9597415E-06 0.9607360E-06 0.9613033E-06
 0.4534032E+04 0.8139209E-06 0.8576276E-06 0.8907197E-06 0.9157250E-06 0.9343145E-06 0.9478346E-06 0.9573916E-06 0.9639609E-06 0.9683116E-06 0.9710917E-06 0.9728142E-06 0.9738302E-06 0.9744097E-06
 0.4409317E+04 0.8240009E-06 0.8685650E-06 0.9023258E-06 0.9278481E-06 0.9468282E-06 0.9606358E-06 0.9703977E-06 0.9771087E-06 0.9815536E-06 0.9843940E-06 0.9861540E-06 0.9871926E-06 0.9877848E-06
 0.4288031E+04 0.8342652E-06 0.8797093E-06 0.9141575E-06 0.9402112E-06 0.9595930E-06 0.9736963E-06 0.9836691E-06 0.9905259E-06 0.9950678E-06 0.9979703E-06 0.9997688E-06 0.1000830E-05 0.1001435E-05
 0.4170079E+04 0.8447189E-06 0.8910663E-06 0.9262213E-06 0.9528209E-06 0.9726165E-06 0.9870236E-06 0.9972134E-06 0.1004221E-05 0.1008862E-05 0.1011829E-05 0.1013667E-05 0.1014752E-05 0.1015370E-05
 0.4055374E+04 0.8553667E-06 0.9026419E-06 0.9385227E-06 0.9656847E-06 0.9859050E-06 0.1000626E-05 0.1011039E-05 0.1018201E-05 0.1022945E-05 0.0000000E+00 0.0000000E+00 0.0000000E+00 0.0000000E+00
 0.3943825E+04 0.8662143E-06 0.9144422E-06 0.9510692E-06 0.9788086E-06 0.9994670E-06 0.1014510E-05 0.1025153E-05 0.0000000E+00 0.0000000E+00 0.0000000E+00 0.0000000E+00 0.0000000E+00 0.0000000E+00
 0.3835341E+04 0.8772667E-06 0.9264733E-06 0.9638675E-06 0.9922015E-06 0.1013310E-05 0.1028685E-05 0.0000000E+00 0.0000000E+00 0.0000000E+00 0.0000000E+00 0.0000000E+00 0.0000000E+00 0.0000000E+00
 0.3729844E+04 0.8885289E-06 0.9387412E-06 0.9769243E-06 0.1005871E-05 0.1027443E-05 0.0000000E+00 0.0000000E+00 0.0000000E+00 0.0000000E+00 0.0000000E+00 0.0000000E+00 0.0000000E+00 0.0000000E+00
 0.3627248E+04 0.9000074E-06 0.9512532E-06 0.9902479E-06 0.1019824E-05 0.1041874E-05 0.0000000E+00 0.0000000E+00 0.0000000E+00 0.0000000E+00 0.0000000E+00 0.0000000E+00 0.0000000E+00 0.0000000E+00
 0.3527472E+04 0.9117079E-06 0.9640161E-06 0.1003846E-05 0.1034070E-05 0.0000000E+00 0.0000000E+00 0.0000000E+00 0.0000000E+00 0.0000000E+00 0.0000000E+00 0.0000000E+00 0.0000000E+00 0.0000000E+00
 0.3430444E+04 0.9236360E-06 0.9770364E-06 0.1017726E-05 0.1048619E-05 0.0000000E+00 0.0000000E+00 0.0000000E+00 0.0000000E+00 0.0000000E+00 0.0000000E+00 0.0000000E+00 0.0000000E+00 0.0000000E+00
 0.3336084E+04 0.9357987E-06 0.9903226E-06 0.1031896E-05 0.0000000E+00 0.0000000E+00 0.0000000E+00 0.0000000E+00 0.0000000E+00 0.0000000E+00 0.0000000E+00 0.0000000E+00 0.0000000E+00 0.0000000E+00
 0.3244319E+04 0.9482024E-06 0.1003882E-05 0.1046367E-05 0.0000000E+00 0.0000000E+00 0.0000000E+00 0.0000000E+00 0.0000000E+00 0.0000000E+00 0.0000000E+00 0.0000000E+00 0.0000000E+00 0.0000000E+00
 0.3155077E+04 0.9608536E-06 0.1017722E-05 0.1061145E-05 0.0000000E+00 0.0000000E+00 0.0000000E+00 0.0000000E+00 0.0000000E+00 0.0000000E+00 0.0000000E+00 0.0000000E+00 0.0000000E+00 0.0000000E+00
 0.3068291E+04 0.9737604E-06 0.1031853E-05 0.1076242E-05 0.0000000E+00 0.0000000E+00 0.0000000E+00 0.0000000E+00 0.0000000E+00 0.0000000E+00 0.0000000E+00 0.0000000E+00 0.0000000E+00 0.0000000E+00
 0.2983893E+04 0.9869289E-06 0.1046281E-05 0.0000000E+00 0.0000000E+00 0.0000000E+00 0.0000000E+00 0.0000000E+00 0.0000000E+00 0.0000000E+00 0.0000000E+00 0.0000000E+00 0.0000000E+00 0.0000000E+00
 0.2901814E+04 0.1000368E-05 0.1061017E-05 0.0000000E+00 0.0000000E+00 0.0000000E+00 0.0000000E+00 0.0000000E+00 0.0000000E+00 0.0000000E+00 0.0000000E+00 0.0000000E+00 0.0000000E+00 0.0000000E+00
 0.2821995E+04 0.1014085E-05 0.1076071E-05 0.0000000E+00 0.0000000E+00 0.0000000E+00 0.0000000E+00 0.0000000E+00 0.0000000E+00 0.0000000E+00 0.0000000E+00 0.0000000E+00 0.0000000E+00 0.0000000E+00
 0.2744372E+04 0.1028089E-05 0.1091451E-05 0.0000000E+00 0.0000000E+00 0.0000000E+00 0.0000000E+00 0.0000000E+00 0.0000000E+00 0.0000000E+00 0.0000000E+00 0.0000000E+00 0.0000000E+00 0.0000000E+00
 0.2668881E+04 0.1042388E-05 0.0000000E+00 0.0000000E+00 0.0000000E+00 0.0000000E+00 0.0000000E+00 0.0000000E+00 0.0000000E+00 0.0000000E+00 0.0000000E+00 0.0000000E+00 0.0000000E+00 0.0000000E+00
 0.2595470E+04 0.1056990E-05 0.0000000E+00 0.0000000E+00 0.0000000E+00 0.0000000E+00 0.0000000E+00 0.0000000E+00 0.0000000E+00 0.0000000E+00 0.0000000E+00 0.0000000E+00 0.0000000E+00 0.0000000E+00
 0.2524077E+04 0.1071908E-05 0.0000000E+00 0.0000000E+00 0.0000000E+00 0.0000000E+00 0.0000000E+00 0.0000000E+00 0.0000000E+00 0.0000000E+00 0.0000000E+00 0.0000000E+00 0.0000000E+00 0.0000000E+00
 0.2454648E+04 0.1087148E-05 0.0000000E+00 0.0000000E+00 0.0000000E+00 0.0000000E+00 0.0000000E+00 0.0000000E+00 0.0000000E+00 0.0000000E+00 0.0000000E+00 0.0000000E+00 0.0000000E+00 0.0000000E+00
 0.2387127E+04 0.1102723E-05 0.0000000E+00 0.0000000E+00 0.0000000E+00 0.0000000E+00 0.0000000E+00 0.0000000E+00 0.0000000E+00 0.0000000E+00 0.0000000E+00 0.0000000E+00 0.0000000E+00 0.0000000E+00
 0.2321466E+04 0.1118642E-05 0.0000000E+00 0.0000000E+00 0.0000000E+00 0.0000000E+00 0.0000000E+00 0.0000000E+00 0.0000000E+00 0.0000000E+00 0.0000000E+00 0.0000000E+00 0.0000000E+00 0.0000000E+00
 0.2257610E+04 0.1134917E-05 0.0000000E+00 0.0000000E+00 0.0000000E+00 0.0000000E+00 0.0000000E+00 0.0000000E+00 0.0000000E+00 0.0000000E+00 0.0000000E+00 0.0000000E+00 0.0000000E+00 0.0000000E+00