 k(Mpc^-1)     CL=0.4515     CL=0.5763     CL=0.6827     CL=0.7699     CL=0.8385     CL=0.8904     CL=0.9281     CL=0.9545     CL=0.9722     CL=0.9836     CL=0.9907     CL=0.9949     CL=0.9973
 0.3111083E+08 0.1029846E-06 0.1031556E-06 0.1033239E-06 0.1034898E-06 0.1036532E-06 0.1038142E-06 0.1039728E-06 0.1041296E-06 0.1042841E-06 0.1044363E-06 0.1045874E-06 0.1047357E-06 0.1048817E-06
 0.2870652E+08 0.1038142E-06 0.1039865E-06 0.1041562E-06 0.1043234E-06 0.1044881E-06 0.1046504E-06 0.1048103E-06 0.1049683E-06 0.1051241E-06 0.1052776E-06 0.1054298E-06 0.1055793E-06 0.1057265E-06
 0.2648801E+08 0.1046538E-06 0.1048275E-06 0.1049985E-06 0.1051671E-06 0.1053331E-06 0.1054968E-06 0.1056579E-06 0.1058173E-06 0.1059743E-06 0.1061290E-06 0.1062825E-06 0.1064332E-06 0.1065815E-06
 0.2444096E+08 0.1055036E-06 0.1056787E-06 0.1058512E-06 0.1060211E-06 0.1061885E-06 0.1063534E-06 0.1065159E-06 0.1066765E-06 0.1068348E-06 0.1069908E-06 0.1071455E-06 0.1072974E-06 0.1074470E-06
 0.2255211E+08 0.1063638E-06 0.1065403E-06 0.1067142E-06 0.1068855E-06 0.1070543E-06 0.1072206E-06 0.1073844E-06 0.1075463E-06 0.1077059E-06 0.1078631E-06 0.1080191E-06 0.1081723E-06 0.1083231E-06
 0.2080923E+08 0.1072345E-06 0.1074125E-06 0.1075878E-06 0.1077606E-06 0.1079307E-06 0.1080984E-06 0.1082635E-06 0.1084267E-06 0.1085876E-06 0.1087461E-06 0.1089034E-06 0.1090578E-06 0.1092099E-06
 0.1920105E+08 0.1081161E-06 0.1082955E-06 0.1084722E-06 0.1086464E-06 0.1088179E-06 0.1089870E-06 0.1091535E-06 0.1093181E-06 0.1094803E-06 0.1096401E-06 0.1097987E-06 0.1099543E-06 0.1101076E-06
 0.1771715E+08 0.1090085E-06 0.1091894E-06 0.1093676E-06 0.1095432E-06 0.1097161E-06 0.1098866E-06 0.1100544E-06 0.1102204E-06 0.1103840E-06 0.1105451E-06 0.1107050E-06 0.1108619E-06 0.1110165E-06
 0.1634793E+08 0.1099120E-06 0.1100944E-06 0.1102741E-06 0.1104512E-06 0.1106255E-06 0.1107974E-06 0.1109666E-06 0.1111340E-06 0.1112989E-06 0.1114613E-06 0.1116226E-06 0.1117808E-06 0.1119366E-06
 0.1508452E+08 0.1108268E-06 0.1110108E-06 0.1111919E-06 0.1113705E-06 0.1115463E-06 0.1117195E-06 0.1118902E-06 0.1120589E-06 0.1122252E-06 0.1123890E-06 0.1125516E-06 0.1127112E-06 0.1128683E-06
 0.1391876E+08 0.1117531E-06 0.1119386E-06 0.1121212E-06 0.1123013E-06 0.1124785E-06 0.1126533E-06 0.1128254E-06 0.1129955E-06 0.1131632E-06 0.1133283E-06 0.1134923E-06 0.1136532E-06 0.1138116E-06
 0.1284309E+08 0.1126910E-06 0.1128781E-06 0.1130623E-06 0.1132438E-06 0.1134226E-06 0.1135988E-06 0.1137723E-06 0.1139439E-06 0.1141129E-06 0.1142795E-06 0.1144448E-06 0.1146070E-06 0.1147668E-06
 0.1185054E+08 0.1136408E-06 0.1138294E-06 0.1140152E-06 0.1141983E-06 0.1143785E-06 0.1145562E-06 0.1147312E-06 0.1149042E-06 0.1150747E-06 0.1152427E-06 0.1154094E-06 0.1155730E-06 0.1157341E-06
 0.1093471E+08 0.1146026E-06 0.1147929E-06 0.1149802E-06 0.1151648E-06 0.1153466E-06 0.1155258E-06 0.1157023E-06 0.1158767E-06 0.1160487E-06 0.1162181E-06 0.1163862E-06 0.1165512E-06 0.1167137E-06
 0.1008965E+08 0.1155767E-06 0.1157686E-06 0.1159575E-06 0.1161437E-06 0.1163270E-06 0.1165078E-06 0.1166857E-06 0.1168617E-06 0.1170351E-06 0.1172059E-06 0.1173755E-06 0.1175419E-06 0.1177057E-06
 0.9309899E+07 0.1165633E-06 0.1167568E-06 0.1169474E-06 0.1171351E-06 0.1173200E-06 0.1175023E-06 0.1176818E-06 0.1178592E-06 0.1180341E-06 0.1182064E-06 0.1183774E-06 0.1185452E-06 0.1187105E-06
 0.8590409E+07 0.1175626E-06 0.1177578E-06 0.1179499E-06 0.1181393E-06 0.1183258E-06 0.1185096E-06 0.1186907E-06 0.1188696E-06 0.1190460E-06 0.1192198E-06 0.1193922E-06 0.1195615E-06 0.1197282E-06
 0.7926523E+07 0.1185748E-06 0.1187716E-06 0.1189654E-06 0.1191565E-06 0.1193445E-06 0.1195299E-06 0.1197125E-06 0.1198931E-06 0.1200710E-06 0.1202462E-06 0.1204202E-06 0.1205909E-06 0.1207590E-06
 0.7313944E+07 0.1196001E-06 0.1197986E-06 0.1199941E-06 0.1201868E-06 0.1203765E-06 0.1205635E-06 0.1207477E-06 0.1209298E-06 0.1211092E-06 0.1212860E-06 0.1214614E-06 0.1216336E-06 0.1218032E-06
 0.6748706E+07 0.1206388E-06 0.1208390E-06 0.1210362E-06 0.1212306E-06 0.1214219E-06 0.1216105E-06 0.1217963E-06 0.1219800E-06 0.1221610E-06 0.1223393E-06 0.1225162E-06 0.1226899E-06 0.1228610E-06
 0.6227151E+07 0.1216910E-06 0.1218930E-06 0.1220919E-06 0.1222880E-06 0.1224810E-06 0.1226713E-06 0.1228587E-06 0.1230439E-06 0.1232265E-06 0.1234064E-06 0.1235849E-06 0.1237601E-06 0.1239326E-06
 0.5745903E+07 0.1227571E-06 0.1229609E-06 0.1231615E-06 0.1233593E-06 0.1235540E-06 0.1237459E-06 0.1239350E-06 0.1241219E-06 0.1243060E-06 0.1244875E-06 0.1246676E-06 0.1248443E-06 0.1250183E-06
 0.5301847E+07 0.1238373E-06 0.1240428E-06 0.1242452E-06 0.1244447E-06 0.1246412E-06 0.1248348E-06 0.1250255E-06 0.1252140E-06 0.1253998E-06 0.1255829E-06 0.1257645E-06 0.1259428E-06 0.1261184E-06
 0.4892109E+07 0.1249317E-06 0.1251391E-06 0.1253433E-06 0.1255446E-06 0.1257428E-06 0.1259381E-06 0.1261305E-06 0.1263207E-06 0.1265081E-06 0.1266928E-06 0.1268760E-06 0.1270559E-06 0.1272330E-06
 0.4514036E+07 0.1260408E-06 0.1262500E-06 0.1264560E-06 0.1266591E-06 0.1268590E-06 0.1270561E-06 0.1272502E-06 0.1274421E-06 0.1276312E-06 0.1278175E-06 0.1280023E-06 0.1281838E-06 0.1283625E-06
 0.4165181E+07 0.1271647E-06 0.1273758E-06 0.1275836E-06 0.1277885E-06 0.1279902E-06 0.1281890E-06 0.1283848E-06 0.1285784E-06 0.1287692E-06 0.1289572E-06 0.1291437E-06 0.1293268E-06 0.1295071E-06
 0.3843287E+07 0.1283037E-06 0.1285166E-06 0.1287264E-06 0.1289330E-06 0.1291366E-06 0.1293372E-06 0.1295348E-06 0.1297301E-06 0.1299226E-06 0.1301122E-06 0.1303004E-06 0.1304851E-06 0.1306671E-06
 0.3546269E+07 0.1294580E-06 0.1296729E-06 0.1298845E-06 0.1300931E-06 0.1302984E-06 0.1305008E-06 0.1307002E-06 0.1308973E-06 0.1310915E-06 0.1312828E-06 0.1314727E-06 0.1316591E-06 0.1318427E-06
 0.3272205E+07 0.1306280E-06 0.1308449E-06 0.1310584E-06 0.1312688E-06 0.1314760E-06 0.1316803E-06 0.1318814E-06 0.1320803E-06 0.1322763E-06 0.1324693E-06 0.1326610E-06 0.1328490E-06 0.1330342E-06
 0.3019322E+07 0.1318140E-06 0.1320328E-06 0.1322482E-06 0.1324606E-06 0.1326697E-06 0.1328758E-06 0.1330787E-06 0.1332794E-06 0.1334772E-06 0.1336720E-06 0.1338654E-06 0.1340551E-06 0.1342420E-06
 0.2785982E+07 0.1330161E-06 0.1332369E-06 0.1334544E-06 0.1336686E-06 0.1338796E-06 0.1340876E-06 0.1342924E-06 0.1344949E-06 0.1346945E-06 0.1348911E-06 0.1350862E-06 0.1352777E-06 0.1354663E-06
 0.2570675E+07 0.1342348E-06 0.1344576E-06 0.1346771E-06 0.1348933E-06 0.1351062E-06 0.1353161E-06 0.1355228E-06 0.1357272E-06 0.1359286E-06 0.1361270E-06 0.1363239E-06 0.1365171E-06 0.1367075E-06
 0.2372008E+07 0.1354703E-06 0.1356952E-06 0.1359166E-06 0.1361349E-06 0.1363498E-06 0.1365616E-06 0.1367702E-06 0.1369764E-06 0.1371797E-06 0.1373799E-06 0.1375786E-06 0.1377737E-06 0.1379657E-06
 0.2188694E+07 0.1367230E-06 0.1369499E-06 0.1371734E-06 0.1373937E-06 0.1376106E-06 0.1378243E-06 0.1380349E-06 0.1382430E-06 0.1384481E-06 0.1386502E-06 0.1388508E-06 0.1390476E-06 0.1392415E-06
 0.2019547E+07 0.1379931E-06 0.1382222E-06 0.1384477E-06 0.1386700E-06 0.1388889E-06 0.1391047E-06 0.1393172E-06 0.1395272E-06 0.1397343E-06 0.1399382E-06 0.1401406E-06 0.1403393E-06 0.1405350E-06
 0.1863472E+07 0.1392810E-06 0.1395122E-06 0.1397399E-06 0.1399642E-06 0.1401852E-06 0.1404029E-06 0.1406174E-06 0.1408294E-06 0.1410384E-06 0.1412443E-06 0.1414486E-06 0.1416491E-06 0.1418466E-06
 0.1719458E+07 0.1405870E-06 0.1408204E-06 0.1410502E-06 0.1412766E-06 0.1414996E-06 0.1417194E-06 0.1419359E-06 0.1421500E-06 0.1423609E-06 0.1425687E-06 0.1427749E-06 0.1429773E-06 0.1431766E-06
 0.1586575E+07 0.1419115E-06 0.1421470E-06 0.1423790E-06 0.1426076E-06 0.1428327E-06 0.1430546E-06 0.1432731E-06 0.1434892E-06 0.1437021E-06 0.1439118E-06 0.1441200E-06 0.1443243E-06 0.1445255E-06
 0.1463961E+07 0.1432547E-06 0.1434925E-06 0.1437267E-06 0.1439575E-06 0.1441847E-06 0.1444087E-06 0.1446293E-06 0.1448474E-06 0.1450623E-06 0.1452740E-06 0.1454842E-06 0.1456904E-06 0.1458935E-06
 0.1350823E+07 0.1446172E-06 0.1448572E-06 0.1450936E-06 0.1453266E-06 0.1455560E-06 0.1457821E-06 0.1460048E-06 0.1462249E-06 0.1464419E-06 0.1466557E-06 0.1468678E-06 0.1470760E-06 0.1472810E-06
 0.1246428E+07 0.1459991E-06 0.1462415E-06 0.1464801E-06 0.1467153E-06 0.1469469E-06 0.1471752E-06 0.1474000E-06 0.1476223E-06 0.1478413E-06 0.1480571E-06 0.1482713E-06 0.1484815E-06 0.1486885E-06
 0.1150101E+07 0.1474010E-06 0.1476457E-06 0.1478866E-06 0.1481241E-06 0.1483579E-06 0.1485883E-06 0.1488153E-06 0.1490397E-06 0.1492609E-06 0.1494787E-06 0.1496949E-06 0.1499072E-06 0.1501161E-06
 0.1061219E+07 0.1488232E-06 0.1490702E-06 0.1493134E-06 0.1495532E-06 0.1497893E-06 0.1500219E-06 0.1502511E-06 0.1504777E-06 0.1507010E-06 0.1509209E-06 0.1511392E-06 0.1513535E-06 0.1515645E-06
 0.9792057E+06 0.1502660E-06 0.1505154E-06 0.1507610E-06 0.1510031E-06 0.1512415E-06 0.1514764E-06 0.1517078E-06 0.1519366E-06 0.1521620E-06 0.1523841E-06 0.1526045E-06 0.1528209E-06 0.1530339E-06
 0.9035305E+06 0.1517299E-06 0.1519818E-06 0.1522298E-06 0.1524742E-06 0.1527149E-06 0.1529521E-06 0.1531858E-06 0.1534168E-06 0.1536444E-06 0.1538687E-06 0.1540912E-06 0.1543097E-06 0.1545248E-06
 0.8337036E+06 0.1529275E-06 0.1534697E-06 0.1537201E-06 0.1539669E-06 0.1542100E-06 0.1544495E-06 0.1546855E-06 0.1549187E-06 0.1551486E-06 0.1553750E-06 0.1555998E-06 0.1558204E-06 0.1560376E-06
 0.7692732E+06 0.1528002E-06 0.1549795E-06 0.1552324E-06 0.1554817E-06 0.1557271E-06 0.1559690E-06 0.1562073E-06 0.1564428E-06 0.1566749E-06 0.1569036E-06 0.1571306E-06 0.1573533E-06 0.1575727E-06
 0.7098220E+06 0.1526969E-06 0.1565117E-06 0.1567672E-06 0.1570189E-06 0.1572667E-06 0.1575110E-06 0.1577516E-06 0.1579895E-06 0.1582239E-06 0.1584549E-06 0.1586841E-06 0.1589090E-06 0.1591306E-06
 0.6549654E+06 0.1526171E-06 0.1574474E-06 0.1583248E-06 0.1585790E-06 0.1588293E-06 0.1590760E-06 0.1593190E-06 0.1595593E-06 0.1597960E-06 0.1600293E-06 0.1602607E-06 0.1604879E-06 0.1607117E-06
 0.6043482E+06 0.1525606E-06 0.1573400E-06 0.1599057E-06 0.1601625E-06 0.1604153E-06 0.1606645E-06 0.1609099E-06 0.1611525E-06 0.1613917E-06 0.1616272E-06 0.1618610E-06 0.1620905E-06 0.1623164E-06
 0.5576429E+06 0.1525272E-06 0.1572574E-06 0.1613137E-06 0.1617698E-06 0.1620251E-06 0.1622768E-06 0.1625247E-06 0.1627698E-06 0.1630113E-06 0.1632493E-06 0.1634854E-06 0.1637171E-06 0.1639454E-06
 0.5145470E+06 0.1525166E-06 0.1571992E-06 0.1612126E-06 0.1634014E-06 0.1636594E-06 0.1639136E-06 0.1641640E-06 0.1644115E-06 0.1646555E-06 0.1648958E-06 0.1651343E-06 0.1653684E-06 0.1655990E-06
 0.4747817E+06 0.1525285E-06 0.1571653E-06 0.1611372E-06 0.1646730E-06 0.1653184E-06 0.1655752E-06 0.1658282E-06 0.1660782E-06 0.1663246E-06 0.1665674E-06 0.1668083E-06 0.1670448E-06 0.1672777E-06
 0.4380895E+06 0.1525629E-06 0.1571552E-06 0.1610872E-06 0.1645858E-06 0.1670028E-06 0.1672623E-06 0.1675178E-06 0.1677704E-06 0.1680193E-06 0.1682646E-06 0.1685079E-06 0.1687468E-06 0.1689821E-06
 0.4042330E+06 0.1526195E-06 0.1571690E-06 0.1610622E-06 0.1645249E-06 0.1676755E-06 0.1689752E-06 0.1692334E-06 0.1694885E-06 0.1697400E-06 0.1699878E-06 0.1702337E-06 0.1704750E-06 0.1707126E-06
 0.3729929E+06 0.1526981E-06 0.1572062E-06 0.1610621E-06 0.1644901E-06 0.1676080E-06 0.1704920E-06 0.1709754E-06 0.1712332E-06 0.1714873E-06 0.1717376E-06 0.1719860E-06 0.1722298E-06 0.1724699E-06
 0.3441672E+06 0.1527986E-06 0.1572668E-06 0.1610866E-06 0.1644811E-06 0.1675673E-06 0.1704211E-06 0.1727445E-06 0.1730050E-06 0.1732617E-06 0.1735146E-06 0.1737656E-06 0.1740119E-06 0.1742545E-06
 0.3175692E+06 0.1529210E-06 0.1573505E-06 0.1611356E-06 0.1644977E-06 0.1675533E-06 0.1703779E-06 0.1730166E-06 0.1748044E-06 0.1750638E-06 0.1753193E-06 0.1755729E-06 0.1758218E-06 0.1760669E-06
 0.2930268E+06 0.1530650E-06 0.1574573E-06 0.1612087E-06 0.1645396E-06 0.1675658E-06 0.1703622E-06 0.1729737E-06 0.1754420E-06 0.1768942E-06 0.1771523E-06 0.1774086E-06 0.1776601E-06 0.1779078E-06
 0.2703810E+06 0.1532306E-06 0.1575869E-06 0.1613059E-06 0.1646066E-06 0.1676043E-06 0.1703735E-06 0.1729589E-06 0.1754017E-06 0.1777176E-06 0.1790143E-06 0.1792732E-06 0.1795273E-06 0.1797776E-06
 0.2494854E+06 0.1534178E-06 0.1577393E-06 0.1614270E-06 0.1646986E-06 0.1676689E-06 0.1704118E-06 0.1729719E-06 0.1753902E-06 0.1776821E-06 0.1798644E-06 0.1811674E-06 0.1814242E-06 0.1816771E-06
 0.2302046E+06 0.1536264E-06 0.1579144E-06 0.1615718E-06 0.1648154E-06 0.1677592E-06 0.1704768E-06 0.1730124E-06 0.1754070E-06 0.1776759E-06 0.1798357E-06 0.1819151E-06 0.1833513E-06 0.1836069E-06
 0.2124139E+06 0.1538564E-06 0.1581121E-06 0.1617404E-06 0.1649569E-06 0.1678750E-06 0.1705682E-06 0.1730803E-06 0.1754521E-06 0.1776987E-06 0.1798368E-06 0.1818949E-06 0.1838606E-06 0.1855675E-06
 0.1959980E+06 0.1541078E-06 0.1583323E-06 0.1619325E-06 0.1651228E-06 0.1680164E-06 0.1706859E-06 0.1731754E-06 0.1755250E-06 0.1777503E-06 0.1798674E-06 0.1819049E-06 0.1838506E-06 0.1857201E-06
 0.1808509E+06 0.1543805E-06 0.1585751E-06 0.1621481E-06 0.1653133E-06 0.1681830E-06 0.1708298E-06 0.1732974E-06 0.1756258E-06 0.1778303E-06 0.1799273E-06 0.1819449E-06 0.1838712E-06 0.1857218E-06
 0.1668743E+06 0.1546747E-06 0.1588403E-06 0.1623872E-06 0.1655281E-06 0.1683749E-06 0.1709997E-06 0.1734462E-06 0.1757541E-06 0.1779387E-06 0.1800162E-06 0.1820147E-06 0.1839223E-06 0.1857546E-06
 0.1539779E+06 0.1549902E-06 0.1591279E-06 0.1626497E-06 0.1657671E-06 0.1685918E-06 0.1711956E-06 0.1736217E-06 0.1759098E-06 0.1780752E-06 0.1801340E-06 0.1821140E-06 0.1840036E-06 0.1858182E-06
 0.1420782E+06 0.1553272E-06 0.1594381E-06 0.1629355E-06 0.1660305E-06 0.1688338E-06 0.1714172E-06 0.1738237E-06 0.1760928E-06 0.1782396E-06 0.1802804E-06 0.1822426E-06 0.1841148E-06 0.1859125E-06
 0.1310980E+06 0.1556857E-06 0.1597707E-06 0.1632448E-06 0.1663180E-06 0.1691009E-06 0.1716646E-06 0.1740522E-06 0.1763029E-06 0.1784319E-06 0.1804552E-06 0.1824003E-06 0.1842559E-06 0.1860371E-06
 0.1209665E+06 0.1560656E-06 0.1601258E-06 0.1635775E-06 0.1666298E-06 0.1693929E-06 0.1719377E-06 0.1743071E-06 0.1765401E-06 0.1786519E-06 0.1806585E-06 0.1825870E-06 0.1844265E-06 0.1861919E-06
 0.1116179E+06 0.1564672E-06 0.1605035E-06 0.1639336E-06 0.1669658E-06 0.1697099E-06 0.1722365E-06 0.1745884E-06 0.1768044E-06 0.1788996E-06 0.1808900E-06 0.1828026E-06 0.1846265E-06 0.1863768E-06
 0.1029919E+06 0.1568905E-06 0.1609039E-06 0.1643132E-06 0.1673260E-06 0.1700518E-06 0.1725610E-06 0.1748960E-06 0.1770955E-06 0.1791748E-06 0.1811497E-06 0.1830470E-06 0.1848560E-06 0.1865915E-06
 0.9503241E+05 0.1573356E-06 0.1613270E-06 0.1647163E-06 0.1677106E-06 0.1704188E-06 0.1729111E-06 0.1752299E-06 0.1774137E-06 0.1794776E-06 0.1814375E-06 0.1833200E-06 0.1851146E-06 0.1868361E-06
 0.8768810E+05 0.1578026E-06 0.1617729E-06 0.1651431E-06 0.1681195E-06 0.1708108E-06 0.1732869E-06 0.1755901E-06 0.1777587E-06 0.1798079E-06 0.1817533E-06 0.1836217E-06 0.1854025E-06 0.1871103E-06
 0.8091137E+05 0.1582916E-06 0.1622417E-06 0.1655936E-06 0.1685529E-06 0.1712279E-06 0.1736885E-06 0.1759767E-06 0.1781307E-06 0.1801657E-06 0.1820973E-06 0.1839520E-06 0.1857194E-06 0.1874143E-06
 0.7465836E+05 0.1588028E-06 0.1627336E-06 0.1660679E-06 0.1690108E-06 0.1716703E-06 0.1741159E-06 0.1763897E-06 0.1785297E-06 0.1805510E-06 0.1824693E-06 0.1843109E-06 0.1860655E-06 0.1877478E-06
 0.6888860E+05 0.1593364E-06 0.1632487E-06 0.1665661E-06 0.1694933E-06 0.1721379E-06 0.1745692E-06 0.1768291E-06 0.1789557E-06 0.1809639E-06 0.1828694E-06 0.1846984E-06 0.1864407E-06 0.1881109E-06
 0.6356473E+05 0.1598926E-06 0.1637872E-06 0.1670885E-06 0.1700006E-06 0.1726309E-06 0.1750485E-06 0.1772952E-06 0.1794089E-06 0.1814045E-06 0.1832977E-06 0.1851146E-06 0.1868451E-06 0.1885037E-06
 0.5865231E+05 0.1604714E-06 0.1643492E-06 0.1676352E-06 0.1705329E-06 0.1731495E-06 0.1755539E-06 0.1777879E-06 0.1798892E-06 0.1818728E-06 0.1837542E-06 0.1855595E-06 0.1872786E-06 0.1889260E-06
 0.5411953E+05 0.1610732E-06 0.1649350E-06 0.1682063E-06 0.1710902E-06 0.1736937E-06 0.1760856E-06 0.1783074E-06 0.1803969E-06 0.1823689E-06 0.1842390E-06 0.1860331E-06 0.1877414E-06 0.1893781E-06
 0.4993705E+05 0.1616981E-06 0.1655447E-06 0.1688020E-06 0.1716728E-06 0.1742638E-06 0.1766437E-06 0.1788539E-06 0.1809320E-06 0.1828929E-06 0.1847522E-06 0.1865357E-06 0.1882335E-06 0.1898600E-06
 0.4607781E+05 0.1623464E-06 0.1661785E-06 0.1694226E-06 0.1722809E-06 0.1748600E-06 0.1772284E-06 0.1794275E-06 0.1814947E-06 0.1834451E-06 0.1852940E-06 0.1870672E-06 0.1887550E-06 0.1903717E-06
 0.4251681E+05 0.1630183E-06 0.1668368E-06 0.1700682E-06 0.1729147E-06 0.1754824E-06 0.1778399E-06 0.1800284E-06 0.1820852E-06 0.1840255E-06 0.1858645E-06 0.1876279E-06 0.1893062E-06 0.1909135E-06
 0.3923102E+05 0.1637141E-06 0.1675197E-06 0.1707392E-06 0.1735744E-06 0.1761313E-06 0.1784784E-06 0.1806567E-06 0.1827037E-06 0.1846343E-06 0.1864639E-06 0.1882180E-06 0.1898871E-06 0.1914854E-06
 0.3619916E+05 0.1644341E-06 0.1682275E-06 0.1714358E-06 0.1742602E-06 0.1768070E-06 0.1791441E-06 0.1813129E-06 0.1833504E-06 0.1852718E-06 0.1870923E-06 0.1888375E-06 0.1904978E-06 0.1920876E-06
 0.3340161E+05 0.1651786E-06 0.1689606E-06 0.1721581E-06 0.1749725E-06 0.1775096E-06 0.1798373E-06 0.1819969E-06 0.1840256E-06 0.1859381E-06 0.1877501E-06 0.1894868E-06 0.1911388E-06 0.1927203E-06
 0.3082026E+05 0.1659478E-06 0.1697191E-06 0.1729067E-06 0.1757115E-06 0.1782394E-06 0.1805582E-06 0.1827092E-06 0.1847293E-06 0.1866336E-06 0.1884374E-06 0.1901659E-06 0.1918100E-06 0.1933837E-06
 0.2843840E+05 0.1667422E-06 0.1705035E-06 0.1736817E-06 0.1764776E-06 0.1789968E-06 0.1813072E-06 0.1834500E-06 0.1854621E-06 0.1873584E-06 0.1891544E-06 0.1908753E-06 0.1925118E-06 0.1940780E-06
 0.2624062E+05 0.1675620E-06 0.1713140E-06 0.1744834E-06 0.1772709E-06 0.1797820E-06 0.1820845E-06 0.1842196E-06 0.1862240E-06 0.1881129E-06 0.1899015E-06 0.1916151E-06 0.1932444E-06 0.1948036E-06
 0.2421268E+05 0.1684076E-06 0.1721510E-06 0.1753123E-06 0.1780920E-06 0.1805954E-06 0.1828905E-06 0.1850183E-06 0.1870155E-06 0.1888973E-06 0.1906790E-06 0.1923856E-06 0.1940082E-06 0.1955606E-06
 0.2234147E+05 0.1692794E-06 0.1730150E-06 0.1761687E-06 0.1789410E-06 0.1814374E-06 0.1837255E-06 0.1858464E-06 0.1878369E-06 0.1897120E-06 0.1914871E-06 0.1931872E-06 0.1948033E-06 0.1963494E-06
 0.2061487E+05 0.1701778E-06 0.1739061E-06 0.1770529E-06 0.1798185E-06 0.1823082E-06 0.1845898E-06 0.1867043E-06 0.1886885E-06 0.1905573E-06 0.1923262E-06 0.1940202E-06 0.1956302E-06 0.1971703E-06
 0.1902171E+05 0.1711031E-06 0.1748250E-06 0.1779654E-06 0.1807247E-06 0.1832083E-06 0.1854839E-06 0.1875924E-06 0.1895706E-06 0.1914336E-06 0.1931967E-06 0.1948848E-06 0.1964891E-06 0.1980236E-06
 0.1755167E+05 0.1720558E-06 0.1757719E-06 0.1789065E-06 0.1816602E-06 0.1841381E-06 0.1864081E-06 0.1885110E-06 0.1904837E-06 0.1923412E-06 0.1940989E-06 0.1957816E-06 0.1973805E-06 0.1989096E-06
 0.1619524E+05 0.1730364E-06 0.1767472E-06 0.1798767E-06 0.1826252E-06 0.1850979E-06 0.1873627E-06 0.1894605E-06 0.1914281E-06 0.1932805E-06 0.1950331E-06 0.1967107E-06 0.1983046E-06 0.1998287E-06
 0.1494364E+05 0.1740452E-06 0.1777516E-06 0.1808765E-06 0.1836202E-06 0.1860883E-06 0.1883484E-06 0.1904414E-06 0.1924043E-06 0.1942520E-06 0.1959998E-06 0.1976727E-06 0.1992619E-06 0.2007814E-06
 0.1378876E+05 0.1750827E-06 0.1787853E-06 0.1819061E-06 0.1846457E-06 0.1871095E-06 0.1893653E-06 0.1914541E-06 0.1934126E-06 0.1952559E-06 0.1969995E-06 0.1986680E-06 0.2002528E-06 0.2017679E-06
 0.1272313E+05 0.1761494E-06 0.1798488E-06 0.1829661E-06 0.1857021E-06 0.1881622E-06 0.1904141E-06 0.1924990E-06 0.1944535E-06 0.1962929E-06 0.1980324E-06 0.1996968E-06 0.2012776E-06 0.2027887E-06
 0.1173986E+05 0.1772457E-06 0.1809426E-06 0.1840570E-06 0.1867898E-06 0.1892466E-06 0.1914951E-06 0.1935765E-06 0.1955274E-06 0.1973632E-06 0.1990990E-06 0.2007598E-06 0.2023369E-06 0.2038442E-06
 0.1083258E+05 0.1783722E-06 0.1820671E-06 0.1851792E-06 0.1879093E-06 0.1903632E-06 0.1926087E-06 0.1946870E-06 0.1966348E-06 0.1984672E-06 0.2001998E-06 0.2018571E-06 0.2034309E-06 0.2049348E-06
 0.9995412E+04 0.1795291E-06 0.1832229E-06 0.1863331E-06 0.1890611E-06 0.1915126E-06 0.1937555E-06 0.1958310E-06 0.1977760E-06 0.1996055E-06 0.2013351E-06 0.2029894E-06 0.2045600E-06 0.2060608E-06
 0.9222945E+04 0.1807171E-06 0.1844102E-06 0.1875192E-06 0.1902455E-06 0.1926950E-06 0.1949357E-06 0.1970089E-06 0.1989514E-06 0.2007784E-06 0.2025053E-06 0.2041569E-06 0.2057247E-06 0.2072227E-06
 0.8510175E+04 0.1819365E-06 0.1856296E-06 0.1887378E-06 0.1914629E-06 0.1939108E-06 0.1961498E-06 0.1982210E-06 0.2001614E-06 0.2019861E-06 0.2037107E-06 0.2053599E-06 0.2069253E-06 0.2084208E-06
 0.7852490E+04 0.1831877E-06 0.1868814E-06 0.1899894E-06 0.1927137E-06 0.1951605E-06 0.1973981E-06 0.1994677E-06 0.2014063E-06 0.2032292E-06 0.2049518E-06 0.2065988E-06 0.2081620E-06 0.2096553E-06
 0.7245632E+04 0.1844709E-06 0.1881658E-06 0.1912741E-06 0.1939981E-06 0.1964443E-06 0.1986809E-06 0.2007493E-06 0.2026864E-06 0.2045077E-06 0.2062286E-06 0.2078738E-06 0.2094351E-06 0.2109264E-06
 0.6685674E+04 0.1857865E-06 0.1894832E-06 0.1925923E-06 0.1953164E-06 0.1977623E-06 0.1999982E-06 0.2020657E-06 0.2040018E-06 0.2058218E-06 0.2075413E-06 0.2091850E-06 0.2107447E-06 0.2122343E-06
 0.6168990E+04 0.1871345E-06 0.1908336E-06 0.1939439E-06 0.1966686E-06 0.1991146E-06 0.2013502E-06 0.2034172E-06 0.2053525E-06 0.2071715E-06 0.2088899E-06 0.2105323E-06 0.2120906E-06 0.2135788E-06
 0.5692237E+04 0.1885150E-06 0.1922169E-06 0.1953290E-06 0.1980546E-06 0.2005010E-06 0.2027367E-06 0.2048034E-06 0.2067382E-06 0.2085566E-06 0.2102741E-06 0.2119155E-06 0.2134728E-06 0.2149597E-06
 0.5252328E+04 0.1899275E-06 0.1936328E-06 0.1967470E-06 0.1994740E-06 0.2019212E-06 0.2041573E-06 0.2062240E-06 0.2081586E-06 0.2099765E-06 0.2116935E-06 0.2133342E-06 0.2148905E-06 0.2163764E-06
 0.4846417E+04 0.1913717E-06 0.1950808E-06 0.1981975E-06 0.2009262E-06 0.2033744E-06 0.2056111E-06 0.2076782E-06 0.2096128E-06 0.2114306E-06 0.2131471E-06 0.2147873E-06 0.2163430E-06 0.2178281E-06
 0.4471875E+04 0.1928464E-06 0.1965597E-06 0.1996793E-06 0.2024099E-06 0.2048595E-06 0.2070971E-06 0.2091647E-06 0.2110996E-06 0.2129174E-06 0.2146337E-06 0.2162735E-06 0.2178287E-06 0.2193132E-06
 0.4126278E+04 0.1943502E-06 0.1980681E-06 0.2011907E-06 0.2039235E-06 0.2063747E-06 0.2086134E-06 0.2106817E-06 0.2126170E-06 0.2144349E-06 0.2161512E-06 0.2177908E-06 0.2193456E-06 0.2208297E-06
 0.3807390E+04 0.1958809E-06 0.1996034E-06 0.2027293E-06 0.2054645E-06 0.2079173E-06 0.2101572E-06 0.2122263E-06 0.2141621E-06 0.2159803E-06 0.2176967E-06 0.2193362E-06 0.2208907E-06 0.2223743E-06
 0.3513147E+04 0.1974350E-06 0.2011623E-06 0.2042915E-06 0.2070290E-06 0.2094835E-06 0.2117247E-06 0.2137946E-06 0.2157310E-06 0.2175494E-06 0.2192659E-06 0.2209053E-06 0.2224595E-06 0.2239428E-06
 0.3241643E+04 0.1990079E-06 0.2027397E-06 0.2058721E-06 0.2086118E-06 0.2110680E-06 0.2133102E-06 0.2153809E-06 0.2173177E-06 0.2191364E-06 0.2208528E-06 0.2224920E-06 0.2240459E-06 0.2255287E-06
 0.2991122E+04 0.2005925E-06 0.2043286E-06 0.2074637E-06 0.2102054E-06 0.2126628E-06 0.2149059E-06 0.2169771E-06 0.2189141E-06 0.2207327E-06 0.2224489E-06 0.2240877E-06 0.2256411E-06 0.2271232E-06
 0.2759961E+04 0.2021792E-06 0.2059186E-06 0.2090558E-06 0.2117988E-06 0.2142570E-06 0.2165004E-06 0.2185717E-06 0.2205084E-06 0.2223266E-06 0.2240422E-06 0.2256802E-06 0.2272327E-06 0.2287137E-06
 0.2546665E+04 0.2037536E-06 0.2074951E-06 0.2106333E-06 0.2133766E-06 0.2158346E-06 0.2180775E-06 0.2201480E-06 0.2220837E-06 0.2239008E-06 0.2256150E-06 0.2272516E-06 0.2288026E-06 0.2302821E-06
 0.2349853E+04 0.2052958E-06 0.2090373E-06 0.2121748E-06 0.2149168E-06 0.2173733E-06 0.2196144E-06 0.2216829E-06 0.2236166E-06 0.2254314E-06 0.2271434E-06 0.2287776E-06 0.2303261E-06 0.2318031E-06
 0.2168251E+04 0.2073144E-06 0.2110722E-06 0.2142228E-06 0.2169760E-06 0.2194421E-06 0.2216918E-06 0.2237679E-06 0.2257085E-06 0.2275296E-06 0.2292474E-06 0.2308870E-06 0.2324406E-06 0.2339223E-06
 0.2000684E+04 0.2100093E-06 0.2138068E-06 0.2169904E-06 0.2197722E-06 0.2222638E-06 0.2245366E-06 0.2266340E-06 0.2285944E-06 0.2304340E-06 0.2321692E-06 0.2338253E-06 0.2353945E-06 0.2368910E-06
 0.1846067E+04 0.2131762E-06 0.2170290E-06 0.2202590E-06 0.2230813E-06 0.2256091E-06 0.2279149E-06 0.2300427E-06 0.2320315E-06 0.2338977E-06 0.2356581E-06 0.2373382E-06 0.2389300E-06 0.2404482E-06
 0.1703399E+04 0.2167106E-06 0.2206306E-06 0.2239170E-06 0.2267886E-06 0.2293607E-06 0.2317069E-06 0.2338721E-06 0.2358958E-06 0.2377949E-06 0.2395862E-06 0.2412959E-06 0.2429158E-06 0.2444607E-06
 0.1571756E+04 0.2205528E-06 0.2245496E-06 0.2279007E-06 0.2308290E-06 0.2334519E-06 0.2358446E-06 0.2380527E-06 0.2401167E-06 0.2420536E-06 0.2438806E-06 0.2456245E-06 0.2472768E-06 0.2488526E-06
 0.1450288E+04 0.2246677E-06 0.2287499E-06 0.2321727E-06 0.2351639E-06 0.2378434E-06 0.2402879E-06 0.2425439E-06 0.2446527E-06 0.2466318E-06 0.2484987E-06 0.2502807E-06 0.2519691E-06 0.2535796E-06
 0.1338206E+04 0.2290337E-06 0.2332088E-06 0.2367099E-06 0.2397699E-06 0.2425111E-06 0.2450121E-06 0.2473204E-06 0.2494782E-06 0.2515034E-06 0.2534139E-06 0.2552376E-06 0.2569657E-06 0.2586140E-06
 0.1234787E+04 0.2336373E-06 0.2379125E-06 0.2414980E-06 0.2446320E-06 0.2474398E-06 0.2500017E-06 0.2523665E-06 0.2545773E-06 0.2566523E-06 0.2586100E-06 0.2604787E-06 0.2622497E-06 0.2639389E-06
 0.1139360E+04 0.2384703E-06 0.2428525E-06 0.2465282E-06 0.2497413E-06 0.2526204E-06 0.2552476E-06 0.2576728E-06 0.2599403E-06 0.2620687E-06 0.2640768E-06 0.2659939E-06 0.2678107E-06 0.2695439E-06
 0.1051307E+04 0.2435282E-06 0.2480239E-06 0.2517954E-06 0.2550928E-06 0.2580477E-06 0.2607443E-06 0.2632339E-06 0.2655617E-06 0.2677469E-06 0.2698088E-06 0.2717774E-06 0.2736431E-06 0.2754230E-06
 0.9700599E+03 0.2488083E-06 0.2534242E-06 0.2572972E-06 0.2606838E-06 0.2637189E-06 0.2664891E-06 0.2690468E-06 0.2714386E-06 0.2736840E-06 0.2758029E-06 0.2778261E-06 0.2797437E-06 0.2815732E-06
 0.8950915E+03 0.2543098E-06 0.2590525E-06 0.2630325E-06 0.2665131E-06 0.2696330E-06 0.2724808E-06 0.2751105E-06 0.2775698E-06 0.2798789E-06 0.2820581E-06 0.2841389E-06 0.2861114E-06 0.2879933E-06
 0.8259169E+03 0.2600331E-06 0.2649090E-06 0.2690016E-06 0.2725812E-06 0.2757903E-06 0.2787198E-06 0.2814253E-06 0.2839558E-06 0.2863320E-06 0.2885746E-06 0.2907162E-06 0.2927465E-06 0.2946838E-06
 0.7620882E+03 0.2659775E-06 0.2709932E-06 0.2752039E-06 0.2788874E-06 0.2821901E-06 0.2852055E-06 0.2879906E-06 0.2905958E-06 0.2930424E-06 0.2953517E-06 0.2975573E-06 0.2996483E-06 0.3016437E-06
 0.7031923E+03 0.2721436E-06 0.2773055E-06 0.2816399E-06 0.2854322E-06 0.2888329E-06 0.2919383E-06 0.2948068E-06 0.2974904E-06 0.3000108E-06 0.3023900E-06 0.3046626E-06 0.3068173E-06 0.3088737E-06
 0.6488481E+03 0.2790836E-06 0.2838454E-06 0.2883088E-06 0.2922148E-06 0.2957180E-06 0.2989174E-06 0.3018731E-06 0.3046386E-06 0.3072362E-06 0.3096886E-06 0.3120312E-06 0.3142526E-06 0.3163728E-06
 0.5987037E+03 0.2876092E-06 0.2906105E-06 0.2952085E-06 0.2992330E-06 0.3028430E-06 0.3061403E-06 0.3091870E-06 0.3120378E-06 0.3147160E-06 0.3172446E-06 0.3196604E-06 0.3219513E-06 0.3241381E-06
 0.5524345E+03 0.2964878E-06 0.2975962E-06 0.3023340E-06 0.3064816E-06 0.3102025E-06 0.3136018E-06 0.3167429E-06 0.3196826E-06 0.3224445E-06 0.3250525E-06 0.3275443E-06 0.3299075E-06 0.3321636E-06
 0.5097411E+03 0.3057380E-06 0.3057380E-06 0.3096765E-06 0.3139514E-06 0.3177873E-06 0.3212920E-06 0.3251925E-06 0.3275628E-06 0.3306971E-06 0.3331016E-06 0.3356722E-06 0.3381104E-06 0.3404382E-06
 0.4703472E+03 0.3153795E-06 0.3153795E-06 0.3172204E-06 0.3216267E-06 0.3279212E-06 0.3291944E-06 0.3357246E-06 0.3357246E-06 0.3414872E-06 0.3414872E-06 0.3460931E-06 0.3465412E-06 0.3499485E-06
 0.4339977E+03 0.3254335E-06 0.3254335E-06 0.3254335E-06 0.3294805E-06 0.3385520E-06 0.3385520E-06 0.3467210E-06 0.3467210E-06 0.3527569E-06 0.3527569E-06 0.3575833E-06 0.3575833E-06 0.3616246E-06
 0.4004574E+03 0.3359223E-06 0.3359223E-06 0.3359223E-06 0.3374676E-06 0.3496513E-06 0.3496513E-06 0.3582077E-06 0.3582077E-06 0.3645334E-06 0.3645334E-06 0.3695938E-06 0.3695938E-06 0.3738325E-06
 0.3695092E+03 0.3468700E-06 0.3468700E-06 0.3468700E-06 0.3468700E-06 0.3612456E-06 0.3612456E-06 0.3702128E-06 0.3702128E-06 0.3768461E-06 0.3768461E-06 0.3821548E-06 0.3821548E-06 0.3866031E-06
 0.3409527E+03 0.3583021E-06 0.3583021E-06 0.3583021E-06 0.3583021E-06 0.3733629E-06 0.3733629E-06 0.3827661E-06 0.3827661E-06 0.3897259E-06 0.3897259E-06 0.3952987E-06 0.3952987E-06 0.3999698E-06
 0.3146031E+03 0.3702458E-06 0.3702458E-06 0.3702458E-06 0.3702458E-06 0.3860335E-06 0.3860335E-06 0.3958995E-06 0.3958995E-06 0.4032065E-06 0.4032065E-06 0.4090599E-06 0.4090599E-06 0.4139683E-06
 0.2902899E+03 0.3827304E-06 0.3827304E-06 0.3827304E-06 0.3827304E-06 0.3992896E-06 0.3992896E-06 0.4096475E-06 0.4096475E-06 0.4173237E-06 0.4173237E-06 0.4234758E-06 0.4234758E-06 0.4286367E-06
 0.2678557E+03 0.3838938E-06 0.3921567E-06 0.3957871E-06 0.3957871E-06 0.4107556E-06 0.4131657E-06 0.4204746E-06 0.4240468E-06 0.4289861E-06 0.4321159E-06 0.4366303E-06 0.4385862E-06 0.4435796E-06
 0.2471552E+03 0.3969197E-06 0.4055843E-06 0.4094493E-06 0.4094493E-06 0.4251058E-06 0.4276989E-06 0.4353171E-06 0.4391369E-06 0.4442655E-06 0.4476246E-06 0.4523065E-06 0.4544341E-06 0.4596203E-06
 0.2280545E+03 0.4105212E-06 0.4196112E-06 0.4237528E-06 0.4237528E-06 0.4401111E-06 0.4429290E-06 0.4508451E-06 0.4549601E-06 0.4602577E-06 0.4638942E-06 0.4687208E-06 0.4710656E-06 0.4764226E-06
 0.2104299E+03 0.4247191E-06 0.4342595E-06 0.4387359E-06 0.4387359E-06 0.4557964E-06 0.4588988E-06 0.4670851E-06 0.4715623E-06 0.4769909E-06 0.4809727E-06 0.4859027E-06 0.4885306E-06 0.4940172E-06
 0.1941674E+03 0.4395295E-06 0.4495462E-06 0.4544401E-06 0.4544401E-06 0.4721811E-06 0.4756541E-06 0.4840580E-06 0.4889924E-06 0.4944870E-06 0.4989117E-06 0.5038753E-06 0.5068826E-06 0.5124284E-06
 0.1791617E+03 0.4549605E-06 0.4654800E-06 0.4709094E-06 0.4709094E-06 0.4892754E-06 0.4932445E-06 0.5017748E-06 0.5073036E-06 0.5127582E-06 0.5177667E-06 0.5226516E-06 0.5261797E-06 0.5316699E-06
 0.1653157E+03 0.4710078E-06 0.4820565E-06 0.4881916E-06 0.4881916E-06 0.5070752E-06 0.5117232E-06 0.5202316E-06 0.5261847E-06 0.5318004E-06 0.5371234E-06 0.5422278E-06 0.5464843E-06 0.5517383E-06
 0.1525398E+03 0.4876484E-06 0.4992519E-06 0.5063378E-06 0.5063378E-06 0.5255543E-06 0.5311479E-06 0.5394011E-06 0.5456701E-06 0.5515857E-06 0.5571948E-06 0.5625750E-06 0.5676969E-06 0.5726038E-06
 0.1407511E+03 0.5048329E-06 0.5170144E-06 0.5254034E-06 0.5254034E-06 0.5446557E-06 0.5515804E-06 0.5592233E-06 0.5658223E-06 0.5720513E-06 0.5779594E-06 0.5836282E-06 0.5890263E-06 0.5941991E-06
 0.1298736E+03 0.5224764E-06 0.5352548E-06 0.5454480E-06 0.5454480E-06 0.5642802E-06 0.5722170E-06 0.5795935E-06 0.5865340E-06 0.5930876E-06 0.5993055E-06 0.6052732E-06 0.6109575E-06 0.6164062E-06
 0.1198367E+03 0.5404499E-06 0.5538375E-06 0.5651937E-06 0.5665357E-06 0.5842759E-06 0.5926063E-06 0.6003514E-06 0.6076410E-06 0.6145264E-06 0.6210610E-06 0.6273345E-06 0.6333117E-06 0.6390426E-06
 0.1105754E+03 0.5585755E-06 0.5725749E-06 0.5844561E-06 0.5887361E-06 0.6044330E-06 0.6131589E-06 0.6212743E-06 0.6289149E-06 0.6361339E-06 0.6429869E-06 0.6495678E-06 0.6558395E-06 0.6618542E-06
 0.1020299E+03 0.5766308E-06 0.5912323E-06 0.6036302E-06 0.6121244E-06 0.6244874E-06 0.6336024E-06 0.6420821E-06 0.6500680E-06 0.6576151E-06 0.6647814E-06 0.6716648E-06 0.6782262E-06 0.6845200E-06
 0.9414481E+02 0.5943664E-06 0.6095464E-06 0.6224404E-06 0.6338345E-06 0.6441424E-06 0.6536305E-06 0.6624596E-06 0.6707764E-06 0.6786380E-06 0.6861044E-06 0.6932774E-06 0.7001162E-06 0.7066773E-06
 0.8686909E+02 0.6115401E-06 0.6272610E-06 0.6406184E-06 0.6524249E-06 0.6631083E-06 0.6729441E-06 0.6820985E-06 0.6907232E-06 0.6988772E-06 0.7066225E-06 0.7140647E-06 0.7211611E-06 0.7279702E-06
 0.8015566E+02 0.6279594E-06 0.6441721E-06 0.6579500E-06 0.6701303E-06 0.6811536E-06 0.6913037E-06 0.7007518E-06 0.7096542E-06 0.7180717E-06 0.7260683E-06 0.7337525E-06 0.7410805E-06 0.7481125E-06
 0.7396105E+02 0.6435188E-06 0.6601674E-06 0.6743172E-06 0.6868272E-06 0.6981496E-06 0.7085759E-06 0.7182816E-06 0.7274274E-06 0.7360754E-06 0.7442913E-06 0.7521868E-06 0.7597165E-06 0.7669424E-06
 0.6824518E+02 0.6582168E-06 0.6752445E-06 0.6897164E-06 0.7025111E-06 0.7140912E-06 0.7247547E-06 0.7346813E-06 0.7440351E-06 0.7528798E-06 0.7612827E-06 0.7693577E-06 0.7770587E-06 0.7844489E-06
 0.6297104E+02 0.6721461E-06 0.6895001E-06 0.7042479E-06 0.7172856E-06 0.7290849E-06 0.7399495E-06 0.7500627E-06 0.7595919E-06 0.7686020E-06 0.7771615E-06 0.7853867E-06 0.7932306E-06 0.8007576E-06
 0.5810450E+02 0.6854633E-06 0.7030986E-06 0.7180831E-06 0.7313283E-06 0.7433138E-06 0.7543487E-06 0.7646193E-06 0.7742959E-06 0.7834445E-06 0.7921349E-06 0.8004852E-06 0.8084477E-06 0.8160880E-06
 0.5361405E+02 0.6983546E-06 0.7162358E-06 0.7314259E-06 0.7448504E-06 0.7569961E-06 0.7681768E-06 0.7785817E-06 0.7883834E-06 0.7976493E-06 0.8064500E-06 0.8149054E-06 0.8229673E-06 0.8307021E-06
 0.4947064E+02 0.7110065E-06 0.7291074E-06 0.7444803E-06 0.7580633E-06 0.7703500E-06 0.7816585E-06 0.7921805E-06 0.8020911E-06 0.8114585E-06 0.8203544E-06 0.8289001E-06 0.8370470E-06 0.8448626E-06
 0.4564744E+02 0.7235878E-06 0.7418910E-06 0.7574312E-06 0.7711586E-06 0.7835732E-06 0.7949971E-06 0.8056246E-06 0.8156328E-06 0.8250909E-06 0.8340716E-06 0.8426974E-06 0.8509196E-06 0.8588063E-06
 0.4211970E+02 0.7362429E-06 0.7547376E-06 0.7704358E-06 0.7842990E-06 0.7968335E-06 0.8083653E-06 0.8190910E-06 0.8291898E-06 0.8387319E-06 0.8477908E-06 0.8564905E-06 0.8647818E-06 0.8727336E-06
 0.3886460E+02 0.7490901E-06 0.7677715E-06 0.7836230E-06 0.7976179E-06 0.8102683E-06 0.8219041E-06 0.8327244E-06 0.8429103E-06 0.8525329E-06 0.8616667E-06 0.8704368E-06 0.8787939E-06 0.8868077E-06
 0.3586106E+02 0.7622259E-06 0.7810933E-06 0.7970973E-06 0.8112229E-06 0.8239883E-06 0.8357272E-06 0.8466411E-06 0.8569131E-06 0.8666152E-06 0.8758228E-06 0.8846624E-06 0.8930844E-06 0.9011592E-06
 0.3308964E+02 0.7757285E-06 0.7947844E-06 0.8109431E-06 0.8252011E-06 0.8380829E-06 0.8499261E-06 0.8609346E-06 0.8712936E-06 0.8810761E-06 0.8903584E-06 0.8992682E-06 0.9077557E-06 0.9158919E-06
 0.3053240E+02 0.7896626E-06 0.8089121E-06 0.8252295E-06 0.8396236E-06 0.8526250E-06 0.8645754E-06 0.8756812E-06 0.8861297E-06 0.8959949E-06 0.9053539E-06 0.9143358E-06 0.9228907E-06 0.9310903E-06
 0.2817278E+02 0.8040832E-06 0.8235333E-06 0.8400154E-06 0.8545505E-06 0.8676760E-06 0.8797378E-06 0.8909447E-06 0.9014861E-06 0.9114373E-06 0.9208762E-06 0.9299333E-06 0.9385583E-06 0.9468239E-06
 0.2599553E+02 0.8190389E-06 0.8386980E-06 0.8553518E-06 0.8700342E-06 0.8832894E-06 0.8954675E-06 0.9067802E-06 0.9174191E-06 0.9274603E-06 0.9369830E-06 0.9461189E-06 0.9548177E-06 0.9631527E-06
 0.2398654E+02 0.8345738E-06 0.8544516E-06 0.8712852E-06 0.8861220E-06 0.8995133E-06 0.9118137E-06 0.9232375E-06 0.9339788E-06 0.9441149E-06 0.9537259E-06 0.9629451E-06 0.9717217E-06 0.9801300E-06
 0.2213280E+02 0.8507299E-06 0.8708371E-06 0.8878595E-06 0.9028586E-06 0.9163930E-06 0.9288221E-06 0.9403631E-06 0.9512125E-06 0.9614487E-06 0.9711531E-06 0.9804602E-06 0.9893192E-06 0.9978052E-06
 0.2042233E+02 0.8675483E-06 0.8878964E-06 0.9051174E-06 0.9202873E-06 0.9339725E-06 0.9465373E-06 0.9582020E-06 0.9691656E-06 0.9795077E-06 0.9893107E-06 0.9987110E-06 0.1007657E-05 0.1016226E-05
 0.1884405E+02 0.8850700E-06 0.9056715E-06 0.9231015E-06 0.9384513E-06 0.9522955E-06 0.9650036E-06 0.9767989E-06 0.9878832E-06 0.9983373E-06 0.1008245E-05 0.1017744E-05 0.1026783E-05 0.1035439E-05
 0.1738774E+02 0.9033374E-06 0.9242054E-06 0.9418553E-06 0.9573948E-06 0.9714068E-06 0.9842661E-06 0.9961994E-06 0.1007411E-05 0.1017984E-05 0.1028002E-05 0.1037606E-05 0.1046743E-05 0.1055492E-05
 0.1604398E+02 0.9223942E-06 0.9435426E-06 0.9614243E-06 0.9771636E-06 0.9913526E-06 0.1004372E-05 0.1016451E-05 0.1027797E-05 0.1038496E-05 0.1048631E-05 0.1058346E-05 0.1067587E-05 0.1076434E-05
 0.1480406E+02 0.9422864E-06 0.9637299E-06 0.9818557E-06 0.9978058E-06 0.1012181E-05 0.1025369E-05 0.1037602E-05 0.1049092E-05 0.1059922E-05 0.1070182E-05 0.1080014E-05 0.1089365E-05 0.1098317E-05
 0.1365997E+02 0.9630627E-06 0.9848169E-06 0.1003200E-05 0.1019372E-05 0.1033945E-05 0.1047310E-05 0.1059706E-05 0.1071346E-05 0.1082317E-05 0.1092708E-05 0.1102664E-05 0.1112133E-05 0.1121195E-05
 0.1260430E+02 0.9847750E-06 0.1006856E-05 0.1025510E-05 0.1041916E-05 0.1056697E-05 0.1070250E-05 0.1082817E-05 0.1094617E-05 0.1105736E-05 0.1116266E-05 0.1126354E-05 0.1135946E-05 0.1145126E-05
 0.1163021E+02 0.1007479E-05 0.1029904E-05 0.1048843E-05 0.1065496E-05 0.1080496E-05 0.1094247E-05 0.1106996E-05 0.1118964E-05 0.1130240E-05 0.1140917E-05 0.1151144E-05 0.1160867E-05 0.1170171E-05
 0.1073140E+02 0.1031233E-05 0.1054021E-05 0.1073260E-05 0.1090174E-05 0.1105404E-05 0.1119365E-05 0.1132305E-05 0.1144451E-05 0.1155893E-05 0.1166724E-05 0.1177099E-05 0.1186961E-05 0.1196396E-05
 0.9902056E+01 0.1056102E-05 0.1079271E-05 0.1098828E-05 0.1116015E-05 0.1131489E-05 0.1145671E-05 0.1158813E-05 0.1171146E-05 0.1182763E-05 0.1193759E-05 0.1204289E-05 0.1214298E-05 0.1223872E-05
 0.9136803E+01 0.1082154E-05 0.1105725E-05 0.1125615E-05 0.1143092E-05 0.1158823E-05 0.1173237E-05 0.1186593E-05 0.1199125E-05 0.1210926E-05 0.1222095E-05 0.1232790E-05 0.1242954E-05 0.1252675E-05
 0.8430690E+01 0.1109463E-05 0.1133458E-05 0.1153699E-05 0.1171481E-05 0.1187483E-05 0.1202143E-05 0.1215724E-05 0.1228465E-05 0.1240462E-05 0.1251814E-05 0.1262683E-05 0.1273010E-05 0.1282887E-05
 0.7779148E+01 0.1138110E-05 0.1162550E-05 0.1183162E-05 0.1201265E-05 0.1217554E-05 0.1232472E-05 0.1246291E-05 0.1259253E-05 0.1271456E-05 0.1283002E-05 0.1294055E-05 0.1304556E-05 0.1314597E-05
 0.7177958E+01 0.1168179E-05 0.1193089E-05 0.1214093E-05 0.1232535E-05 0.1249125E-05 0.1264317E-05 0.1278387E-05 0.1291583E-05 0.1304004E-05 0.1315755E-05 0.1327001E-05 0.1337686E-05 0.1347901E-05
 0.6623230E+01 0.1199765E-05 0.1225171E-05 0.1246587E-05 0.1265387E-05 0.1282295E-05 0.1297777E-05 0.1312112E-05 0.1325554E-05 0.1338205E-05 0.1350172E-05 0.1361624E-05 0.1372503E-05 0.1382903E-05
 0.6111372E+01 0.1232970E-05 0.1258898E-05 0.1280749E-05 0.1299927E-05 0.1317171E-05 0.1332958E-05 0.1347573E-05 0.1361276E-05 0.1374171E-05 0.1386366E-05 0.1398036E-05 0.1409119E-05 0.1419714E-05
 0.5639071E+01 0.1267902E-05 0.1294382E-05 0.1316692E-05 0.1336268E-05 0.1353868E-05 0.1369977E-05 0.1384888E-05 0.1398866E-05 0.1412019E-05 0.1424456E-05 0.1436355E-05 0.1447656E-05 0.1458456E-05
 0.5203272E+01 0.1304681E-05 0.1331744E-05 0.1354539E-05 0.1374536E-05 0.1392512E-05 0.1408961E-05 0.1424185E-05 0.1438454E-05 0.1451879E-05 0.1464572E-05 0.1476714E-05 0.1488244E-05 0.1499263E-05
 0.4801151E+01 0.1343438E-05 0.1371116E-05 0.1394423E-05 0.1414866E-05 0.1433237E-05 0.1450047E-05 0.1465602E-05 0.1480180E-05 0.1493892E-05 0.1506856E-05 0.1519255E-05 0.1531028E-05 0.1542278E-05
 0.4430108E+01 0.1384313E-05 0.1412641E-05 0.1436489E-05 0.1457403E-05 0.1476195E-05 0.1493385E-05 0.1509291E-05 0.1524194E-05 0.1538211E-05 0.1551461E-05 0.1564133E-05 0.1576164E-05 0.1587658E-05
 0.4087739E+01 0.1427460E-05 0.1456475E-05 0.1480897E-05 0.1502309E-05 0.1521545E-05 0.1539139E-05 0.1555415E-05 0.1570663E-05 0.1585003E-05 0.1598557E-05 0.1611518E-05 0.1623820E-05 0.1635574E-05
 0.3771829E+01 0.1473047E-05 0.1502791E-05 0.1527819E-05 0.1549759E-05 0.1569464E-05 0.1587485E-05 0.1604154E-05 0.1619769E-05 0.1634451E-05 0.1648325E-05 0.1661592E-05 0.1674184E-05 0.1686213E-05
 0.3480334E+01 0.1521259E-05 0.1551774E-05 0.1577445E-05 0.1599943E-05 0.1620147E-05 0.1638621E-05 0.1655706E-05 0.1671708E-05 0.1686752E-05 0.1700968E-05 0.1714559E-05 0.1727458E-05 0.1739778E-05