 k(Mpc^-1)     CL=0.4515     CL=0.5763     CL=0.6827     CL=0.7699     CL=0.8385     CL=0.8904     CL=0.9281     CL=0.9545     CL=0.9722     CL=0.9836     CL=0.9907     CL=0.9949     CL=0.9973
 0.3111083E+08 0.1716497E-07 0.1719346E-07 0.1722152E-07 0.1724917E-07 0.1727640E-07 0.1730324E-07 0.1732967E-07 0.1735580E-07 0.1738156E-07 0.1740693E-07 0.1743211E-07 0.1745682E-07 0.1748116E-07
 0.2870652E+08 0.1730323E-07 0.1733195E-07 0.1736024E-07 0.1738811E-07 0.1741556E-07 0.1744261E-07 0.1746926E-07 0.1749560E-07 0.1752156E-07 0.1754714E-07 0.1757252E-07 0.1759743E-07 0.1762197E-07
 0.2648801E+08 0.1744317E-07 0.1747212E-07 0.1750063E-07 0.1752873E-07 0.1755640E-07 0.1758368E-07 0.1761054E-07 0.1763710E-07 0.1766327E-07 0.1768905E-07 0.1771464E-07 0.1773975E-07 0.1776448E-07
 0.2444096E+08 0.1758481E-07 0.1761400E-07 0.1764274E-07 0.1767107E-07 0.1769897E-07 0.1772646E-07 0.1775354E-07 0.1778031E-07 0.1780670E-07 0.1783269E-07 0.1785848E-07 0.1788380E-07 0.1790873E-07
 0.2255211E+08 0.1772818E-07 0.1775761E-07 0.1778659E-07 0.1781515E-07 0.1784327E-07 0.1787099E-07 0.1789829E-07 0.1792528E-07 0.1795188E-07 0.1797808E-07 0.1800409E-07 0.1802961E-07 0.1805475E-07
 0.2080923E+08 0.1787332E-07 0.1790299E-07 0.1793221E-07 0.1796100E-07 0.1798935E-07 0.1801730E-07 0.1804482E-07 0.1807203E-07 0.1809885E-07 0.1812527E-07 0.1815148E-07 0.1817722E-07 0.1820256E-07
 0.1920105E+08 0.1802025E-07 0.1805016E-07 0.1807961E-07 0.1810864E-07 0.1813723E-07 0.1816540E-07 0.1819316E-07 0.1822059E-07 0.1824763E-07 0.1827426E-07 0.1830069E-07 0.1832664E-07 0.1835219E-07
 0.1771715E+08 0.1816899E-07 0.1819915E-07 0.1822885E-07 0.1825812E-07 0.1828694E-07 0.1831535E-07 0.1834333E-07 0.1837099E-07 0.1839825E-07 0.1842510E-07 0.1845175E-07 0.1847791E-07 0.1850367E-07
 0.1634793E+08 0.1831958E-07 0.1834999E-07 0.1837994E-07 0.1840945E-07 0.1843851E-07 0.1846715E-07 0.1849537E-07 0.1852326E-07 0.1855074E-07 0.1857782E-07 0.1860469E-07 0.1863107E-07 0.1865704E-07
 0.1508452E+08 0.1847206E-07 0.1850272E-07 0.1853292E-07 0.1856267E-07 0.1859198E-07 0.1862086E-07 0.1864930E-07 0.1867743E-07 0.1870514E-07 0.1873244E-07 0.1875954E-07 0.1878613E-07 0.1881233E-07
 0.1391876E+08 0.1862644E-07 0.1865736E-07 0.1868781E-07 0.1871782E-07 0.1874736E-07 0.1877649E-07 0.1880517E-07 0.1883353E-07 0.1886147E-07 0.1888901E-07 0.1891633E-07 0.1894314E-07 0.1896955E-07
 0.1284309E+08 0.1878277E-07 0.1881395E-07 0.1884466E-07 0.1887491E-07 0.1890471E-07 0.1893408E-07 0.1896300E-07 0.1899160E-07 0.1901978E-07 0.1904754E-07 0.1907509E-07 0.1910213E-07 0.1912876E-07
 0.1185054E+08 0.1894108E-07 0.1897252E-07 0.1900348E-07 0.1903400E-07 0.1906404E-07 0.1909366E-07 0.1912283E-07 0.1915166E-07 0.1918008E-07 0.1920808E-07 0.1923586E-07 0.1926313E-07 0.1928999E-07
 0.1093471E+08 0.1910140E-07 0.1913310E-07 0.1916433E-07 0.1919510E-07 0.1922540E-07 0.1925526E-07 0.1928468E-07 0.1931376E-07 0.1934242E-07 0.1937065E-07 0.1939867E-07 0.1942617E-07 0.1945325E-07
 0.1008965E+08 0.1926376E-07 0.1929573E-07 0.1932722E-07 0.1935826E-07 0.1938881E-07 0.1941893E-07 0.1944860E-07 0.1947792E-07 0.1950683E-07 0.1953530E-07 0.1956356E-07 0.1959129E-07 0.1961861E-07
 0.9309899E+07 0.1942820E-07 0.1946045E-07 0.1949220E-07 0.1952350E-07 0.1955432E-07 0.1958470E-07 0.1961462E-07 0.1964419E-07 0.1967334E-07 0.1970206E-07 0.1973056E-07 0.1975853E-07 0.1978607E-07
 0.8590409E+07 0.1959475E-07 0.1962728E-07 0.1965931E-07 0.1969087E-07 0.1972195E-07 0.1975259E-07 0.1978277E-07 0.1981260E-07 0.1984200E-07 0.1987096E-07 0.1989970E-07 0.1992791E-07 0.1995570E-07
 0.7926523E+07 0.1976346E-07 0.1979626E-07 0.1982857E-07 0.1986040E-07 0.1989175E-07 0.1992266E-07 0.1995309E-07 0.1998318E-07 0.2001283E-07 0.2004204E-07 0.2007103E-07 0.2009949E-07 0.2012751E-07
 0.7313944E+07 0.1993435E-07 0.1996744E-07 0.2000002E-07 0.2003214E-07 0.2006376E-07 0.2009493E-07 0.2012562E-07 0.2015597E-07 0.2018588E-07 0.2021534E-07 0.2024458E-07 0.2027329E-07 0.2030155E-07
 0.6748706E+07 0.2010747E-07 0.2014085E-07 0.2017371E-07 0.2020611E-07 0.2023800E-07 0.2026944E-07 0.2030040E-07 0.2033102E-07 0.2036118E-07 0.2039090E-07 0.2042040E-07 0.2044935E-07 0.2047786E-07
 0.6227151E+07 0.2028285E-07 0.2031652E-07 0.2034968E-07 0.2038235E-07 0.2041452E-07 0.2044624E-07 0.2047747E-07 0.2050835E-07 0.2053878E-07 0.2056876E-07 0.2059851E-07 0.2062771E-07 0.2065647E-07
 0.5745903E+07 0.2046054E-07 0.2049451E-07 0.2052795E-07 0.2056091E-07 0.2059337E-07 0.2062536E-07 0.2065687E-07 0.2068801E-07 0.2071871E-07 0.2074896E-07 0.2077897E-07 0.2080843E-07 0.2083744E-07
 0.5301847E+07 0.2064058E-07 0.2067484E-07 0.2070858E-07 0.2074183E-07 0.2077457E-07 0.2080684E-07 0.2083863E-07 0.2087005E-07 0.2090102E-07 0.2093153E-07 0.2096180E-07 0.2099152E-07 0.2102079E-07
 0.4892109E+07 0.2082300E-07 0.2085756E-07 0.2089160E-07 0.2092515E-07 0.2095818E-07 0.2099073E-07 0.2102280E-07 0.2105450E-07 0.2108574E-07 0.2111652E-07 0.2114706E-07 0.2117704E-07 0.2120657E-07
 0.4514036E+07 0.2100785E-07 0.2104272E-07 0.2107706E-07 0.2111090E-07 0.2114423E-07 0.2117707E-07 0.2120943E-07 0.2124141E-07 0.2127293E-07 0.2130398E-07 0.2133479E-07 0.2136504E-07 0.2139482E-07
 0.4165181E+07 0.2119517E-07 0.2123036E-07 0.2126500E-07 0.2129915E-07 0.2133277E-07 0.2136591E-07 0.2139855E-07 0.2143081E-07 0.2146261E-07 0.2149394E-07 0.2152503E-07 0.2155555E-07 0.2158560E-07
 0.3843287E+07 0.2138502E-07 0.2142051E-07 0.2145547E-07 0.2148992E-07 0.2152384E-07 0.2155728E-07 0.2159021E-07 0.2162276E-07 0.2165485E-07 0.2168646E-07 0.2171783E-07 0.2174861E-07 0.2177894E-07
 0.3546269E+07 0.2157742E-07 0.2161323E-07 0.2164851E-07 0.2168326E-07 0.2171749E-07 0.2175123E-07 0.2178446E-07 0.2181731E-07 0.2184968E-07 0.2188157E-07 0.2191322E-07 0.2194429E-07 0.2197488E-07
 0.3272205E+07 0.2177243E-07 0.2180857E-07 0.2184416E-07 0.2187923E-07 0.2191377E-07 0.2194781E-07 0.2198134E-07 0.2201448E-07 0.2204715E-07 0.2207933E-07 0.2211127E-07 0.2214261E-07 0.2217348E-07
 0.3019322E+07 0.2197010E-07 0.2200656E-07 0.2204248E-07 0.2207787E-07 0.2211272E-07 0.2214707E-07 0.2218090E-07 0.2221435E-07 0.2224731E-07 0.2227979E-07 0.2231201E-07 0.2234364E-07 0.2237479E-07
 0.2785982E+07 0.2217047E-07 0.2220727E-07 0.2224351E-07 0.2227922E-07 0.2231439E-07 0.2234905E-07 0.2238320E-07 0.2241695E-07 0.2245021E-07 0.2248298E-07 0.2251550E-07 0.2254742E-07 0.2257885E-07
 0.2570675E+07 0.2237359E-07 0.2241073E-07 0.2244730E-07 0.2248334E-07 0.2251883E-07 0.2255382E-07 0.2258827E-07 0.2262233E-07 0.2265590E-07 0.2268897E-07 0.2272179E-07 0.2275400E-07 0.2278572E-07
 0.2372008E+07 0.2257952E-07 0.2261700E-07 0.2265391E-07 0.2269028E-07 0.2272610E-07 0.2276140E-07 0.2279618E-07 0.2283055E-07 0.2286443E-07 0.2289780E-07 0.2293092E-07 0.2296343E-07 0.2299544E-07
 0.2188694E+07 0.2278831E-07 0.2282613E-07 0.2286338E-07 0.2290009E-07 0.2293624E-07 0.2297187E-07 0.2300697E-07 0.2304166E-07 0.2307585E-07 0.2310953E-07 0.2314296E-07 0.2317576E-07 0.2320808E-07
 0.2019547E+07 0.2300000E-07 0.2303818E-07 0.2307578E-07 0.2311283E-07 0.2314931E-07 0.2318527E-07 0.2322069E-07 0.2325571E-07 0.2329021E-07 0.2332421E-07 0.2335795E-07 0.2339106E-07 0.2342367E-07
 0.1863472E+07 0.2321466E-07 0.2325320E-07 0.2329114E-07 0.2332854E-07 0.2336536E-07 0.2340166E-07 0.2343741E-07 0.2347275E-07 0.2350758E-07 0.2354189E-07 0.2357595E-07 0.2360937E-07 0.2364228E-07
 0.1719458E+07 0.2343234E-07 0.2347124E-07 0.2350954E-07 0.2354729E-07 0.2358446E-07 0.2362109E-07 0.2365718E-07 0.2369285E-07 0.2372801E-07 0.2376264E-07 0.2379701E-07 0.2383075E-07 0.2386397E-07
 0.1586575E+07 0.2365310E-07 0.2369236E-07 0.2373102E-07 0.2376912E-07 0.2380664E-07 0.2384363E-07 0.2388005E-07 0.2391606E-07 0.2395155E-07 0.2398651E-07 0.2402120E-07 0.2405526E-07 0.2408879E-07
 0.1463961E+07 0.2387699E-07 0.2391662E-07 0.2395565E-07 0.2399411E-07 0.2403199E-07 0.2406932E-07 0.2410609E-07 0.2414244E-07 0.2417826E-07 0.2421355E-07 0.2424858E-07 0.2428295E-07 0.2431680E-07
 0.1350823E+07 0.2410407E-07 0.2414408E-07 0.2418348E-07 0.2422231E-07 0.2426054E-07 0.2429823E-07 0.2433535E-07 0.2437204E-07 0.2440821E-07 0.2444384E-07 0.2447919E-07 0.2451390E-07 0.2454807E-07
 0.1246428E+07 0.2433441E-07 0.2437480E-07 0.2441458E-07 0.2445378E-07 0.2449238E-07 0.2453043E-07 0.2456790E-07 0.2460494E-07 0.2464145E-07 0.2467742E-07 0.2471312E-07 0.2474815E-07 0.2478265E-07
 0.1150101E+07 0.2456806E-07 0.2460884E-07 0.2464900E-07 0.2468858E-07 0.2472755E-07 0.2476596E-07 0.2480380E-07 0.2484120E-07 0.2487806E-07 0.2491437E-07 0.2495041E-07 0.2498578E-07 0.2502061E-07
 0.1061219E+07 0.2480510E-07 0.2484628E-07 0.2488682E-07 0.2492678E-07 0.2496613E-07 0.2500491E-07 0.2504311E-07 0.2508087E-07 0.2511809E-07 0.2515475E-07 0.2519113E-07 0.2522685E-07 0.2526202E-07
 0.9792057E+06 0.2504559E-07 0.2508716E-07 0.2512810E-07 0.2516845E-07 0.2520817E-07 0.2524733E-07 0.2528590E-07 0.2532403E-07 0.2536161E-07 0.2539863E-07 0.2543536E-07 0.2547142E-07 0.2550693E-07
 0.9035305E+06 0.2528959E-07 0.2533157E-07 0.2537290E-07 0.2541364E-07 0.2545376E-07 0.2549330E-07 0.2553224E-07 0.2557074E-07 0.2560869E-07 0.2564606E-07 0.2568316E-07 0.2571957E-07 0.2575543E-07
 0.8337036E+06 0.2548919E-07 0.2557956E-07 0.2562130E-07 0.2566244E-07 0.2570295E-07 0.2574288E-07 0.2578220E-07 0.2582108E-07 0.2585939E-07 0.2589714E-07 0.2593460E-07 0.2597136E-07 0.2600757E-07
 0.7692732E+06 0.2546798E-07 0.2583121E-07 0.2587337E-07 0.2591491E-07 0.2595582E-07 0.2599614E-07 0.2603585E-07 0.2607511E-07 0.2611380E-07 0.2615192E-07 0.2618974E-07 0.2622687E-07 0.2626343E-07
 0.7098220E+06 0.2545076E-07 0.2608660E-07 0.2612917E-07 0.2617112E-07 0.2621243E-07 0.2625315E-07 0.2629326E-07 0.2633290E-07 0.2637198E-07 0.2641047E-07 0.2644867E-07 0.2648617E-07 0.2652309E-07
 0.6549654E+06 0.2543746E-07 0.2624255E-07 0.2638879E-07 0.2643116E-07 0.2647288E-07 0.2651400E-07 0.2655450E-07 0.2659454E-07 0.2663401E-07 0.2667288E-07 0.2671146E-07 0.2674933E-07 0.2678662E-07
 0.6043482E+06 0.2542805E-07 0.2622465E-07 0.2665229E-07 0.2669508E-07 0.2673722E-07 0.2677875E-07 0.2681966E-07 0.2686010E-07 0.2689996E-07 0.2693922E-07 0.2697819E-07 0.2701643E-07 0.2705410E-07
 0.5576429E+06 0.2542248E-07 0.2621088E-07 0.2688697E-07 0.2696298E-07 0.2700554E-07 0.2704749E-07 0.2708881E-07 0.2712966E-07 0.2716992E-07 0.2720957E-07 0.2724893E-07 0.2728756E-07 0.2732560E-07
 0.5145470E+06 0.2542071E-07 0.2620118E-07 0.2687012E-07 0.2723494E-07 0.2727793E-07 0.2732030E-07 0.2736204E-07 0.2740329E-07 0.2744396E-07 0.2748401E-07 0.2752377E-07 0.2756279E-07 0.2760121E-07
 0.4747817E+06 0.2542270E-07 0.2619552E-07 0.2685755E-07 0.2744688E-07 0.2755445E-07 0.2759725E-07 0.2763941E-07 0.2768109E-07 0.2772217E-07 0.2776263E-07 0.2780278E-07 0.2784220E-07 0.2788101E-07
 0.4380895E+06 0.2542842E-07 0.2619385E-07 0.2684921E-07 0.2743233E-07 0.2783520E-07 0.2787844E-07 0.2792103E-07 0.2796313E-07 0.2800463E-07 0.2804550E-07 0.2808607E-07 0.2812588E-07 0.2816509E-07
 0.4042330E+06 0.2543785E-07 0.2619614E-07 0.2684505E-07 0.2742219E-07 0.2794732E-07 0.2816395E-07 0.2820697E-07 0.2824951E-07 0.2829142E-07 0.2833272E-07 0.2837370E-07 0.2841392E-07 0.2845354E-07
 0.3729929E+06 0.2545096E-07 0.2620235E-07 0.2684503E-07 0.2741639E-07 0.2793606E-07 0.2841676E-07 0.2849733E-07 0.2854030E-07 0.2858265E-07 0.2862437E-07 0.2866577E-07 0.2870641E-07 0.2874643E-07
 0.3441672E+06 0.2546772E-07 0.2621244E-07 0.2684912E-07 0.2741489E-07 0.2792929E-07 0.2840495E-07 0.2879220E-07 0.2883561E-07 0.2887840E-07 0.2892055E-07 0.2896238E-07 0.2900344E-07 0.2904387E-07
 0.3175692E+06 0.2548811E-07 0.2622640E-07 0.2685727E-07 0.2741765E-07 0.2792696E-07 0.2839775E-07 0.2883755E-07 0.2913553E-07 0.2917876E-07 0.2922135E-07 0.2926362E-07 0.2930510E-07 0.2934596E-07
 0.2930268E+06 0.2551211E-07 0.2624419E-07 0.2686946E-07 0.2742464E-07 0.2792903E-07 0.2839512E-07 0.2883040E-07 0.2924180E-07 0.2948384E-07 0.2952687E-07 0.2956958E-07 0.2961150E-07 0.2965278E-07
 0.2703810E+06 0.2553972E-07 0.2626580E-07 0.2688566E-07 0.2743581E-07 0.2793546E-07 0.2839701E-07 0.2882793E-07 0.2923509E-07 0.2962109E-07 0.2983721E-07 0.2988036E-07 0.2992272E-07 0.2996444E-07
 0.2494854E+06 0.2557091E-07 0.2629120E-07 0.2690584E-07 0.2745115E-07 0.2794621E-07 0.2840339E-07 0.2883009E-07 0.2923316E-07 0.2961517E-07 0.2997890E-07 0.3019607E-07 0.3023888E-07 0.3028104E-07
 0.2302046E+06 0.2560568E-07 0.2632039E-07 0.2692999E-07 0.2747061E-07 0.2796126E-07 0.2841422E-07 0.2883685E-07 0.2923597E-07 0.2961414E-07 0.2997412E-07 0.3032070E-07 0.3056008E-07 0.3060268E-07
 0.2124139E+06 0.2564401E-07 0.2635334E-07 0.2695808E-07 0.2749419E-07 0.2798058E-07 0.2842946E-07 0.2884817E-07 0.2924347E-07 0.2961794E-07 0.2997431E-07 0.3031733E-07 0.3064497E-07 0.3092947E-07
 0.1959980E+06 0.2568592E-07 0.2639005E-07 0.2699010E-07 0.2752186E-07 0.2800413E-07 0.2844908E-07 0.2886401E-07 0.2925564E-07 0.2962653E-07 0.2997941E-07 0.3031900E-07 0.3064330E-07 0.3095491E-07
 0.1808509E+06 0.2573138E-07 0.2643050E-07 0.2702604E-07 0.2755359E-07 0.2803191E-07 0.2847307E-07 0.2888435E-07 0.2927243E-07 0.2963988E-07 0.2998939E-07 0.3032567E-07 0.3064674E-07 0.3095519E-07
 0.1668743E+06 0.2578041E-07 0.2647471E-07 0.2706589E-07 0.2758939E-07 0.2806388E-07 0.2850139E-07 0.2890915E-07 0.2929381E-07 0.2965794E-07 0.3000421E-07 0.3033730E-07 0.3065526E-07 0.3096065E-07
 0.1539779E+06 0.2583300E-07 0.2652265E-07 0.2710964E-07 0.2762924E-07 0.2810005E-07 0.2853403E-07 0.2893840E-07 0.2931977E-07 0.2968068E-07 0.3002384E-07 0.3035385E-07 0.3066880E-07 0.3097126E-07
 0.1420782E+06 0.2588917E-07 0.2657434E-07 0.2715728E-07 0.2767313E-07 0.2814039E-07 0.2857097E-07 0.2897207E-07 0.2935027E-07 0.2970809E-07 0.3004824E-07 0.3037528E-07 0.3068735E-07 0.3098696E-07
 0.1310980E+06 0.2594891E-07 0.2662978E-07 0.2720883E-07 0.2772106E-07 0.2818489E-07 0.2861221E-07 0.2901016E-07 0.2938529E-07 0.2974014E-07 0.3007738E-07 0.3040158E-07 0.3071085E-07 0.3100773E-07
 0.1209665E+06 0.2601224E-07 0.2668898E-07 0.2726428E-07 0.2777302E-07 0.2823356E-07 0.2865773E-07 0.2905264E-07 0.2942483E-07 0.2977681E-07 0.3011126E-07 0.3043270E-07 0.3073929E-07 0.3103354E-07
 0.1116179E+06 0.2607918E-07 0.2675193E-07 0.2732363E-07 0.2782903E-07 0.2828640E-07 0.2870753E-07 0.2909952E-07 0.2946887E-07 0.2981809E-07 0.3014984E-07 0.3046863E-07 0.3077263E-07 0.3106435E-07
 0.1029919E+06 0.2614973E-07 0.2681866E-07 0.2738690E-07 0.2788907E-07 0.2834339E-07 0.2876161E-07 0.2915079E-07 0.2951741E-07 0.2986397E-07 0.3019313E-07 0.3050936E-07 0.3081087E-07 0.3110015E-07
 0.9503241E+05 0.2622391E-07 0.2688918E-07 0.2745409E-07 0.2795317E-07 0.2840456E-07 0.2881996E-07 0.2920644E-07 0.2957043E-07 0.2991443E-07 0.3024109E-07 0.3055487E-07 0.3085398E-07 0.3114091E-07
 0.8768810E+05 0.2630175E-07 0.2696350E-07 0.2752523E-07 0.2802132E-07 0.2846990E-07 0.2888261E-07 0.2926648E-07 0.2962794E-07 0.2996948E-07 0.3029374E-07 0.3060516E-07 0.3090196E-07 0.3118662E-07
 0.8091137E+05 0.2638326E-07 0.2704164E-07 0.2760031E-07 0.2809355E-07 0.2853942E-07 0.2894954E-07 0.2933092E-07 0.2968994E-07 0.3002912E-07 0.3035107E-07 0.3066021E-07 0.3095479E-07 0.3123728E-07
 0.7465836E+05 0.2646847E-07 0.2712363E-07 0.2767937E-07 0.2816987E-07 0.2861315E-07 0.2902077E-07 0.2939975E-07 0.2975644E-07 0.3009335E-07 0.3041308E-07 0.3072003E-07 0.3101248E-07 0.3129287E-07
 0.6888860E+05 0.2655740E-07 0.2720949E-07 0.2776242E-07 0.2825030E-07 0.2869109E-07 0.2909633E-07 0.2947300E-07 0.2982745E-07 0.3016217E-07 0.3047977E-07 0.3078462E-07 0.3107501E-07 0.3135339E-07
 0.6356473E+05 0.2665010E-07 0.2729924E-07 0.2784949E-07 0.2833486E-07 0.2877326E-07 0.2917621E-07 0.2955068E-07 0.2990298E-07 0.3023560E-07 0.3055115E-07 0.3085398E-07 0.3114241E-07 0.3141885E-07
 0.5865231E+05 0.2674657E-07 0.2739291E-07 0.2794060E-07 0.2842357E-07 0.2885969E-07 0.2926046E-07 0.2963280E-07 0.2998304E-07 0.3031365E-07 0.3062723E-07 0.3092813E-07 0.3121466E-07 0.3148925E-07
 0.5411953E+05 0.2684687E-07 0.2749054E-07 0.2803579E-07 0.2851647E-07 0.2895041E-07 0.2934907E-07 0.2971940E-07 0.3006765E-07 0.3039633E-07 0.3070804E-07 0.3100708E-07 0.3129180E-07 0.3156460E-07
 0.4993705E+05 0.2695103E-07 0.2759216E-07 0.2813508E-07 0.2861357E-07 0.2904543E-07 0.2944209E-07 0.2981048E-07 0.3015684E-07 0.3048368E-07 0.3079358E-07 0.3109084E-07 0.3137382E-07 0.3164492E-07
 0.4607781E+05 0.2705909E-07 0.2769781E-07 0.2823851E-07 0.2871493E-07 0.2914480E-07 0.2953955E-07 0.2990608E-07 0.3025064E-07 0.3057571E-07 0.3088388E-07 0.3117944E-07 0.3146075E-07 0.3173021E-07
 0.4251681E+05 0.2717108E-07 0.2780753E-07 0.2834613E-07 0.2882056E-07 0.2924854E-07 0.2964147E-07 0.3000623E-07 0.3034906E-07 0.3067245E-07 0.3097897E-07 0.3127289E-07 0.3155261E-07 0.3182051E-07
 0.3923102E+05 0.2728706E-07 0.2792135E-07 0.2845796E-07 0.2893051E-07 0.2935670E-07 0.2974789E-07 0.3011097E-07 0.3045215E-07 0.3077393E-07 0.3107887E-07 0.3137124E-07 0.3164943E-07 0.3191583E-07
 0.3619916E+05 0.2740706E-07 0.2803933E-07 0.2857406E-07 0.2904483E-07 0.2946930E-07 0.2985885E-07 0.3022032E-07 0.3055994E-07 0.3088018E-07 0.3118362E-07 0.3147450E-07 0.3175123E-07 0.3201620E-07
 0.3340161E+05 0.2753115E-07 0.2816150E-07 0.2869446E-07 0.2916355E-07 0.2958641E-07 0.2997439E-07 0.3033434E-07 0.3067246E-07 0.3099124E-07 0.3129325E-07 0.3158271E-07 0.3185806E-07 0.3212165E-07
 0.3082026E+05 0.2765936E-07 0.2828793E-07 0.2881923E-07 0.2928672E-07 0.2970806E-07 0.3009455E-07 0.3045306E-07 0.3078977E-07 0.3110716E-07 0.3140780E-07 0.3169591E-07 0.3196994E-07 0.3223223E-07
 0.2843840E+05 0.2779176E-07 0.2841867E-07 0.2894840E-07 0.2941440E-07 0.2983429E-07 0.3021939E-07 0.3057653E-07 0.3091190E-07 0.3122797E-07 0.3152732E-07 0.3181414E-07 0.3208691E-07 0.3234796E-07
 0.2624062E+05 0.2792840E-07 0.2855376E-07 0.2908203E-07 0.2954664E-07 0.2996517E-07 0.3034895E-07 0.3070480E-07 0.3103890E-07 0.3135372E-07 0.3165185E-07 0.3193745E-07 0.3220902E-07 0.3246890E-07
 0.2421268E+05 0.2806934E-07 0.2869328E-07 0.2922019E-07 0.2968348E-07 0.3010075E-07 0.3048328E-07 0.3083792E-07 0.3117082E-07 0.3148447E-07 0.3178143E-07 0.3206588E-07 0.3233632E-07 0.3259507E-07
 0.2234147E+05 0.2821465E-07 0.2883727E-07 0.2936292E-07 0.2982500E-07 0.3024108E-07 0.3062245E-07 0.3097595E-07 0.3130772E-07 0.3162026E-07 0.3191612E-07 0.3219949E-07 0.3246885E-07 0.3272654E-07
 0.2061487E+05 0.2836438E-07 0.2898581E-07 0.2951030E-07 0.2997125E-07 0.3038623E-07 0.3076651E-07 0.3111894E-07 0.3144966E-07 0.3176115E-07 0.3205598E-07 0.3233832E-07 0.3260667E-07 0.3286336E-07
 0.1902171E+05 0.2851861E-07 0.2913895E-07 0.2966239E-07 0.3012230E-07 0.3053625E-07 0.3091553E-07 0.3126696E-07 0.3159669E-07 0.3190720E-07 0.3220107E-07 0.3248243E-07 0.3274983E-07 0.3300558E-07
 0.1755167E+05 0.2867741E-07 0.2929678E-07 0.2981925E-07 0.3027821E-07 0.3069122E-07 0.3106957E-07 0.3142007E-07 0.3174888E-07 0.3205848E-07 0.3235143E-07 0.3263190E-07 0.3289840E-07 0.3315326E-07
 0.1619524E+05 0.2884084E-07 0.2945935E-07 0.2998096E-07 0.3043906E-07 0.3085121E-07 0.3122869E-07 0.3157834E-07 0.3190629E-07 0.3221504E-07 0.3250715E-07 0.3278676E-07 0.3305243E-07 0.3330646E-07
 0.1494364E+05 0.2900899E-07 0.2962675E-07 0.3014759E-07 0.3060490E-07 0.3101627E-07 0.3139297E-07 0.3174183E-07 0.3206899E-07 0.3237695E-07 0.3266828E-07 0.3294711E-07 0.3321199E-07 0.3346524E-07
 0.1378876E+05 0.2918192E-07 0.2979904E-07 0.3031920E-07 0.3077583E-07 0.3118649E-07 0.3156247E-07 0.3191062E-07 0.3223705E-07 0.3254429E-07 0.3283489E-07 0.3311299E-07 0.3337714E-07 0.3362967E-07
 0.1272313E+05 0.2935971E-07 0.2997630E-07 0.3049589E-07 0.3095190E-07 0.3136193E-07 0.3173727E-07 0.3208477E-07 0.3241055E-07 0.3271712E-07 0.3300705E-07 0.3328447E-07 0.3354796E-07 0.3379981E-07
 0.1173986E+05 0.2954244E-07 0.3015861E-07 0.3067771E-07 0.3113320E-07 0.3154268E-07 0.3191745E-07 0.3226436E-07 0.3258954E-07 0.3289551E-07 0.3318483E-07 0.3346164E-07 0.3372450E-07 0.3397574E-07
 0.1083258E+05 0.2973019E-07 0.3034604E-07 0.3086475E-07 0.3131979E-07 0.3172880E-07 0.3210307E-07 0.3244946E-07 0.3277411E-07 0.3307953E-07 0.3336830E-07 0.3364454E-07 0.3390684E-07 0.3415751E-07
 0.9995412E+04 0.2992303E-07 0.3053867E-07 0.3105708E-07 0.3151176E-07 0.3192036E-07 0.3229420E-07 0.3264014E-07 0.3296431E-07 0.3326925E-07 0.3355753E-07 0.3383326E-07 0.3409505E-07 0.3434520E-07
 0.9222945E+04 0.3012103E-07 0.3073658E-07 0.3125477E-07 0.3170917E-07 0.3211744E-07 0.3249092E-07 0.3283647E-07 0.3316023E-07 0.3346474E-07 0.3375257E-07 0.3402785E-07 0.3428917E-07 0.3453885E-07
 0.8510175E+04 0.3032427E-07 0.3093982E-07 0.3145788E-07 0.3191208E-07 0.3232010E-07 0.3269328E-07 0.3303850E-07 0.3336191E-07 0.3366605E-07 0.3395349E-07 0.3422837E-07 0.3448928E-07 0.3473854E-07
 0.7852490E+04 0.3053281E-07 0.3114846E-07 0.3166649E-07 0.3212056E-07 0.3252839E-07 0.3290133E-07 0.3324629E-07 0.3356941E-07 0.3387323E-07 0.3416034E-07 0.3443486E-07 0.3469541E-07 0.3494430E-07
 0.7245632E+04 0.3074670E-07 0.3136255E-07 0.3188062E-07 0.3233464E-07 0.3274236E-07 0.3311514E-07 0.3345989E-07 0.3378277E-07 0.3408632E-07 0.3437315E-07 0.3464737E-07 0.3490760E-07 0.3515616E-07
 0.6685674E+04 0.3096597E-07 0.3158212E-07 0.3210033E-07 0.3255437E-07 0.3296203E-07 0.3333471E-07 0.3367931E-07 0.3400201E-07 0.3430535E-07 0.3459195E-07 0.3486591E-07 0.3512587E-07 0.3537415E-07
 0.6168990E+04 0.3119065E-07 0.3180719E-07 0.3232561E-07 0.3277975E-07 0.3318742E-07 0.3356005E-07 0.3390456E-07 0.3422713E-07 0.3453031E-07 0.3481672E-07 0.3509048E-07 0.3535021E-07 0.3559825E-07
 0.5692237E+04 0.3142074E-07 0.3203776E-07 0.3255646E-07 0.3301076E-07 0.3341851E-07 0.3379114E-07 0.3413561E-07 0.3445810E-07 0.3476117E-07 0.3504744E-07 0.3532103E-07 0.3558058E-07 0.3582841E-07
 0.5252328E+04 0.3165617E-07 0.3227376E-07 0.3279282E-07 0.3324734E-07 0.3365522E-07 0.3402792E-07 0.3437239E-07 0.3469484E-07 0.3499784E-07 0.3528401E-07 0.3555748E-07 0.3581688E-07 0.3606455E-07
 0.4846417E+04 0.3189688E-07 0.3251510E-07 0.3303457E-07 0.3348937E-07 0.3389744E-07 0.3427024E-07 0.3461477E-07 0.3493723E-07 0.3524020E-07 0.3552630E-07 0.3579968E-07 0.3605897E-07 0.3630650E-07
 0.4471875E+04 0.3214268E-07 0.3276160E-07 0.3328155E-07 0.3373668E-07 0.3414496E-07 0.3451792E-07 0.3486254E-07 0.3518504E-07 0.3548801E-07 0.3577408E-07 0.3604740E-07 0.3630661E-07 0.3655404E-07
 0.4126278E+04 0.3239333E-07 0.3301300E-07 0.3353347E-07 0.3398896E-07 0.3439751E-07 0.3477064E-07 0.3511538E-07 0.3543794E-07 0.3574094E-07 0.3602701E-07 0.3630029E-07 0.3655944E-07 0.3680679E-07
 0.3807390E+04 0.3264845E-07 0.3326891E-07 0.3378991E-07 0.3424580E-07 0.3465462E-07 0.3502796E-07 0.3537283E-07 0.3569548E-07 0.3599853E-07 0.3628460E-07 0.3655786E-07 0.3681696E-07 0.3706425E-07
 0.3513147E+04 0.3290749E-07 0.3352873E-07 0.3405029E-07 0.3450656E-07 0.3491567E-07 0.3528921E-07 0.3563423E-07 0.3595697E-07 0.3626006E-07 0.3654615E-07 0.3681939E-07 0.3707845E-07 0.3732566E-07
 0.3241643E+04 0.3316964E-07 0.3379165E-07 0.3431373E-07 0.3477038E-07 0.3517976E-07 0.3555348E-07 0.3589862E-07 0.3622143E-07 0.3652456E-07 0.3681065E-07 0.3708386E-07 0.3734286E-07 0.3759000E-07
 0.2991122E+04 0.3343377E-07 0.3405647E-07 0.3457902E-07 0.3503599E-07 0.3544558E-07 0.3581945E-07 0.3616466E-07 0.3648751E-07 0.3679063E-07 0.3707668E-07 0.3734983E-07 0.3760874E-07 0.3785577E-07
 0.2759961E+04 0.3369822E-07 0.3432149E-07 0.3484439E-07 0.3530158E-07 0.3571129E-07 0.3608522E-07 0.3643044E-07 0.3675324E-07 0.3705629E-07 0.3734223E-07 0.3761525E-07 0.3787401E-07 0.3812087E-07
 0.2546665E+04 0.3396064E-07 0.3458424E-07 0.3510731E-07 0.3556455E-07 0.3597424E-07 0.3634808E-07 0.3669317E-07 0.3701581E-07 0.3731866E-07 0.3760439E-07 0.3787717E-07 0.3813568E-07 0.3838228E-07
 0.2349853E+04 0.3421769E-07 0.3484130E-07 0.3536424E-07 0.3582127E-07 0.3623070E-07 0.3660424E-07 0.3694901E-07 0.3727130E-07 0.3757378E-07 0.3785913E-07 0.3813150E-07 0.3838961E-07 0.3863579E-07
 0.2168251E+04 0.3455413E-07 0.3518047E-07 0.3570560E-07 0.3616448E-07 0.3657552E-07 0.3695048E-07 0.3729651E-07 0.3761996E-07 0.3792350E-07 0.3820982E-07 0.3848310E-07 0.3874204E-07 0.3898900E-07
 0.2000684E+04 0.3500331E-07 0.3563625E-07 0.3616688E-07 0.3663054E-07 0.3704583E-07 0.3742464E-07 0.3777422E-07 0.3810097E-07 0.3840759E-07 0.3869680E-07 0.3897284E-07 0.3923438E-07 0.3948381E-07
 0.1846067E+04 0.3553116E-07 0.3617332E-07 0.3671167E-07 0.3718208E-07 0.3760340E-07 0.3798771E-07 0.3834237E-07 0.3867385E-07 0.3898491E-07 0.3927831E-07 0.3955834E-07 0.3982367E-07 0.4007670E-07
 0.1703399E+04 0.3612025E-07 0.3677361E-07 0.3732137E-07 0.3780000E-07 0.3822870E-07 0.3861975E-07 0.3898063E-07 0.3931794E-07 0.3963447E-07 0.3993303E-07 0.4021799E-07 0.4048799E-07 0.4074549E-07
 0.1571756E+04 0.3676064E-07 0.3742682E-07 0.3798535E-07 0.3847342E-07 0.3891060E-07 0.3930940E-07 0.3967744E-07 0.4002145E-07 0.4034429E-07 0.4064881E-07 0.4093946E-07 0.4121486E-07 0.4147752E-07
 0.1450288E+04 0.3744649E-07 0.3812689E-07 0.3869739E-07 0.3919596E-07 0.3964256E-07 0.4004999E-07 0.4042601E-07 0.4077750E-07 0.4110736E-07 0.4141853E-07 0.4171553E-07 0.4199696E-07 0.4226538E-07
 0.1338206E+04 0.3817419E-07 0.3887008E-07 0.3945363E-07 0.3996365E-07 0.4042054E-07 0.4083739E-07 0.4122213E-07 0.4158179E-07 0.4191934E-07 0.4223777E-07 0.4254174E-07 0.4282977E-07 0.4310450E-07
 0.1234787E+04 0.3894150E-07 0.3965407E-07 0.4025168E-07 0.4077404E-07 0.4124204E-07 0.4166905E-07 0.4206319E-07 0.4243168E-07 0.4277753E-07 0.4310382E-07 0.4341530E-07 0.4371047E-07 0.4399202E-07
 0.1139360E+04 0.3974705E-07 0.4047744E-07 0.4109009E-07 0.4162564E-07 0.4210552E-07 0.4254340E-07 0.4294763E-07 0.4332556E-07 0.4368031E-07 0.4401501E-07 0.4433454E-07 0.4463736E-07 0.4492623E-07
 0.1051307E+04 0.4059006E-07 0.4133939E-07 0.4196801E-07 0.4251760E-07 0.4301011E-07 0.4345957E-07 0.4387451E-07 0.4426250E-07 0.4462672E-07 0.4497039E-07 0.4529850E-07 0.4560947E-07 0.4590613E-07
 0.9700599E+03 0.4147013E-07 0.4223949E-07 0.4288502E-07 0.4344947E-07 0.4395536E-07 0.4441708E-07 0.4484338E-07 0.4524203E-07 0.4561629E-07 0.4596946E-07 0.4630667E-07 0.4662629E-07 0.4693122E-07
 0.8950915E+03 0.4238710E-07 0.4317758E-07 0.4384094E-07 0.4442108E-07 0.4494108E-07 0.4541575E-07 0.4585405E-07 0.4626396E-07 0.4664883E-07 0.4701203E-07 0.4735886E-07 0.4768762E-07 0.4800130E-07
 0.8259169E+03 0.4334102E-07 0.4415372E-07 0.4483584E-07 0.4543248E-07 0.4596735E-07 0.4645564E-07 0.4690657E-07 0.4732834E-07 0.4772439E-07 0.4809817E-07 0.4845513E-07 0.4879353E-07 0.4911642E-07
 0.7620882E+03 0.4433181E-07 0.4516780E-07 0.4586961E-07 0.4648356E-07 0.4703404E-07 0.4753663E-07 0.4800084E-07 0.4843507E-07 0.4884285E-07 0.4922775E-07 0.4959536E-07 0.4994388E-07 0.5027647E-07
 0.7031923E+03 0.4535954E-07 0.4621991E-07 0.4694233E-07 0.4757442E-07 0.4814124E-07 0.4865882E-07 0.4913693E-07 0.4958422E-07 0.5000431E-07 0.5040086E-07 0.5077964E-07 0.5113878E-07 0.5148153E-07
 0.6488481E+03 0.4651627E-07 0.4730993E-07 0.4805388E-07 0.4870492E-07 0.4928881E-07 0.4982207E-07 0.5031471E-07 0.5077564E-07 0.5120860E-07 0.5161735E-07 0.5200781E-07 0.5237806E-07 0.5273144E-07
 0.5987037E+03 0.4793727E-07 0.4843751E-07 0.4920389E-07 0.4987466E-07 0.5047636E-07 0.5102595E-07 0.5153374E-07 0.5200892E-07 0.5245529E-07 0.5287676E-07 0.5327940E-07 0.5366124E-07 0.5402572E-07
 0.5524345E+03 0.4941711E-07 0.4960186E-07 0.5039153E-07 0.5108282E-07 0.5170302E-07 0.5226958E-07 0.5279313E-07 0.5328311E-07 0.5374344E-07 0.5417813E-07 0.5459345E-07 0.5498735E-07 0.5536337E-07
 0.5097411E+03 0.5095888E-07 0.5095888E-07 0.5161533E-07 0.5232786E-07 0.5296721E-07 0.5355136E-07 0.5420147E-07 0.5459653E-07 0.5511895E-07 0.5551971E-07 0.5594817E-07 0.5635456E-07 0.5674255E-07
 0.4703472E+03 0.5256589E-07 0.5256589E-07 0.5287272E-07 0.5360713E-07 0.5465628E-07 0.5486849E-07 0.5595691E-07 0.5595691E-07 0.5691739E-07 0.5691739E-07 0.5768508E-07 0.5775977E-07 0.5832767E-07
 0.4339977E+03 0.5424163E-07 0.5424163E-07 0.5424163E-07 0.5491617E-07 0.5642816E-07 0.5642816E-07 0.5778973E-07 0.5778973E-07 0.5879576E-07 0.5879576E-07 0.5960021E-07 0.5960021E-07 0.6027378E-07
 0.4004574E+03 0.5598986E-07 0.5598986E-07 0.5598986E-07 0.5624742E-07 0.5827814E-07 0.5827814E-07 0.5970428E-07 0.5970428E-07 0.6075862E-07 0.6075862E-07 0.6160206E-07 0.6160206E-07 0.6230853E-07
 0.3695092E+03 0.5781457E-07 0.5781457E-07 0.5781457E-07 0.5781457E-07 0.6021061E-07 0.6021061E-07 0.6170523E-07 0.6170523E-07 0.6281083E-07 0.6281083E-07 0.6369567E-07 0.6369567E-07 0.6443709E-07
 0.3409527E+03 0.5972001E-07 0.5972001E-07 0.5972001E-07 0.5972001E-07 0.6223028E-07 0.6223028E-07 0.6379754E-07 0.6379754E-07 0.6495758E-07 0.6495758E-07 0.6588641E-07 0.6588641E-07 0.6666498E-07
 0.3146031E+03 0.6171073E-07 0.6171073E-07 0.6171073E-07 0.6171073E-07 0.6434215E-07 0.6434215E-07 0.6598657E-07 0.6598657E-07 0.6720446E-07 0.6720446E-07 0.6818007E-07 0.6818007E-07 0.6899817E-07
 0.2902899E+03 0.6379161E-07 0.6379161E-07 0.6379161E-07 0.6379161E-07 0.6655161E-07 0.6655161E-07 0.6827801E-07 0.6827801E-07 0.6955743E-07 0.6955743E-07 0.7058284E-07 0.7058284E-07 0.7144303E-07
 0.2678557E+03 0.6398551E-07 0.6536273E-07 0.6596783E-07 0.6596783E-07 0.6846270E-07 0.6886441E-07 0.7008261E-07 0.7067801E-07 0.7150127E-07 0.7202293E-07 0.7277536E-07 0.7310137E-07 0.7393364E-07
 0.2471552E+03 0.6615660E-07 0.6760077E-07 0.6824497E-07 0.6824497E-07 0.7085452E-07 0.7128673E-07 0.7255648E-07 0.7319315E-07 0.7404796E-07 0.7460784E-07 0.7538819E-07 0.7574281E-07 0.7660723E-07
 0.2280545E+03 0.6842363E-07 0.6993871E-07 0.7062900E-07 0.7062900E-07 0.7335553E-07 0.7382521E-07 0.7514462E-07 0.7583049E-07 0.7671347E-07 0.7731958E-07 0.7812405E-07 0.7851487E-07 0.7940776E-07
 0.2104299E+03 0.7079007E-07 0.7238022E-07 0.7312633E-07 0.7312633E-07 0.7596988E-07 0.7648696E-07 0.7785142E-07 0.7859766E-07 0.7950247E-07 0.8016614E-07 0.8098784E-07 0.8142585E-07 0.8234033E-07
 0.1941674E+03 0.7325860E-07 0.7492812E-07 0.7574381E-07 0.7574381E-07 0.7870079E-07 0.7927966E-07 0.8068037E-07 0.8150283E-07 0.8241863E-07 0.8315611E-07 0.8398343E-07 0.8448467E-07 0.8540901E-07
 0.1791617E+03 0.7583056E-07 0.7758388E-07 0.7848883E-07 0.7848883E-07 0.8154999E-07 0.8221154E-07 0.8363333E-07 0.8455484E-07 0.8546398E-07 0.8629878E-07 0.8711297E-07 0.8770101E-07 0.8861610E-07
 0.1653157E+03 0.7850524E-07 0.8034678E-07 0.8136934E-07 0.8136934E-07 0.8451677E-07 0.8529148E-07 0.8670961E-07 0.8770185E-07 0.8863785E-07 0.8952506E-07 0.9037583E-07 0.9108529E-07 0.9196099E-07
 0.1525398E+03 0.8127881E-07 0.8321282E-07 0.8439387E-07 0.8439387E-07 0.8759678E-07 0.8852908E-07 0.8990469E-07 0.9094958E-07 0.9193556E-07 0.9287045E-07 0.9376720E-07 0.9462089E-07 0.9543875E-07
 0.1407511E+03 0.8414303E-07 0.8617339E-07 0.8757163E-07 0.8757163E-07 0.9078051E-07 0.9193468E-07 0.9320856E-07 0.9430844E-07 0.9534666E-07 0.9633140E-07 0.9727624E-07 0.9817597E-07 0.9903816E-07
 0.1298736E+03 0.8708376E-07 0.8921361E-07 0.9091255E-07 0.9091255E-07 0.9405141E-07 0.9537428E-07 0.9660376E-07 0.9776058E-07 0.9885289E-07 0.9988925E-07 0.1008839E-06 0.1018314E-06 0.1027395E-06
 0.1198367E+03 0.9007950E-07 0.9231087E-07 0.9420368E-07 0.9442735E-07 0.9738420E-07 0.9877267E-07 0.1000636E-06 0.1012786E-06 0.1024262E-06 0.1035154E-06 0.1045610E-06 0.1055572E-06 0.1065124E-06
 0.1105754E+03 0.9310059E-07 0.9543394E-07 0.9741424E-07 0.9812760E-07 0.1007439E-06 0.1021983E-06 0.1035509E-06 0.1048244E-06 0.1060276E-06 0.1071699E-06 0.1082667E-06 0.1093121E-06 0.1103146E-06
 0.1020299E+03 0.9610996E-07 0.9854366E-07 0.1006101E-06 0.1020258E-06 0.1040865E-06 0.1056057E-06 0.1070191E-06 0.1083501E-06 0.1096080E-06 0.1108025E-06 0.1119497E-06 0.1130434E-06 0.1140924E-06
 0.9414481E+02 0.9906604E-07 0.1015962E-06 0.1037453E-06 0.1056444E-06 0.1073624E-06 0.1089439E-06 0.1104155E-06 0.1118017E-06 0.1131120E-06 0.1143565E-06 0.1155520E-06 0.1166919E-06 0.1177855E-06
 0.8686909E+02 0.1019285E-06 0.1045487E-06 0.1067751E-06 0.1087429E-06 0.1105236E-06 0.1121630E-06 0.1136888E-06 0.1151263E-06 0.1164854E-06 0.1177763E-06 0.1190168E-06 0.1201995E-06 0.1213345E-06
 0.8015566E+02 0.1046651E-06 0.1073674E-06 0.1096638E-06 0.1116940E-06 0.1135313E-06 0.1152231E-06 0.1167978E-06 0.1182816E-06 0.1196846E-06 0.1210174E-06 0.1222982E-06 0.1235196E-06 0.1246917E-06
 0.7396105E+02 0.1072585E-06 0.1100334E-06 0.1123918E-06 0.1144769E-06 0.1163641E-06 0.1181019E-06 0.1197196E-06 0.1212440E-06 0.1226854E-06 0.1240548E-06 0.1253708E-06 0.1266258E-06 0.1278301E-06
 0.6824518E+02 0.1097083E-06 0.1125464E-06 0.1149585E-06 0.1170911E-06 0.1190212E-06 0.1207985E-06 0.1224530E-06 0.1240121E-06 0.1254863E-06 0.1268868E-06 0.1282327E-06 0.1295163E-06 0.1307480E-06
 0.6297104E+02 0.1120300E-06 0.1149224E-06 0.1173805E-06 0.1195536E-06 0.1215202E-06 0.1233311E-06 0.1250167E-06 0.1266050E-06 0.1281068E-06 0.1295334E-06 0.1309044E-06 0.1322117E-06 0.1334663E-06
 0.5810450E+02 0.1142496E-06 0.1171890E-06 0.1196865E-06 0.1218942E-06 0.1238918E-06 0.1257311E-06 0.1274429E-06 0.1290558E-06 0.1305806E-06 0.1320291E-06 0.1334209E-06 0.1347480E-06 0.1360215E-06
 0.5361405E+02 0.1163983E-06 0.1193786E-06 0.1219104E-06 0.1241480E-06 0.1261723E-06 0.1280359E-06 0.1297701E-06 0.1314038E-06 0.1329482E-06 0.1344151E-06 0.1358244E-06 0.1371681E-06 0.1384573E-06
 0.4947064E+02 0.1185070E-06 0.1215240E-06 0.1240863E-06 0.1263502E-06 0.1283981E-06 0.1302829E-06 0.1320367E-06 0.1336886E-06 0.1352499E-06 0.1367326E-06 0.1381569E-06 0.1395148E-06 0.1408175E-06
 0.4564744E+02 0.1206040E-06 0.1236547E-06 0.1262449E-06 0.1285329E-06 0.1306021E-06 0.1325062E-06 0.1342775E-06 0.1359456E-06 0.1375220E-06 0.1390189E-06 0.1404566E-06 0.1418270E-06 0.1431416E-06
 0.4211970E+02 0.1227133E-06 0.1257959E-06 0.1284124E-06 0.1307231E-06 0.1328122E-06 0.1347343E-06 0.1365220E-06 0.1382052E-06 0.1397957E-06 0.1413056E-06 0.1427556E-06 0.1441375E-06 0.1454629E-06
 0.3886460E+02 0.1248546E-06 0.1279683E-06 0.1306104E-06 0.1329430E-06 0.1350515E-06 0.1369909E-06 0.1387944E-06 0.1404921E-06 0.1420959E-06 0.1436183E-06 0.1450801E-06 0.1464730E-06 0.1478087E-06
 0.3586106E+02 0.1270440E-06 0.1301887E-06 0.1328562E-06 0.1352106E-06 0.1373383E-06 0.1392949E-06 0.1411139E-06 0.1428260E-06 0.1444431E-06 0.1459778E-06 0.1474511E-06 0.1488549E-06 0.1502007E-06
 0.3308964E+02 0.1292946E-06 0.1324707E-06 0.1351640E-06 0.1375404E-06 0.1396875E-06 0.1416615E-06 0.1434963E-06 0.1452229E-06 0.1468534E-06 0.1484005E-06 0.1498855E-06 0.1513002E-06 0.1526563E-06
 0.3053240E+02 0.1316170E-06 0.1348254E-06 0.1375452E-06 0.1399443E-06 0.1421113E-06 0.1441031E-06 0.1459542E-06 0.1476957E-06 0.1493400E-06 0.1508999E-06 0.1523969E-06 0.1538228E-06 0.1551895E-06
 0.2817278E+02 0.1340206E-06 0.1372624E-06 0.1400096E-06 0.1424322E-06 0.1446199E-06 0.1466303E-06 0.1484982E-06 0.1502552E-06 0.1519138E-06 0.1534871E-06 0.1549967E-06 0.1564342E-06 0.1578119E-06
 0.2599553E+02 0.1365133E-06 0.1397900E-06 0.1425658E-06 0.1450130E-06 0.1472223E-06 0.1492521E-06 0.1511376E-06 0.1529108E-06 0.1545845E-06 0.1561717E-06 0.1576944E-06 0.1591443E-06 0.1605335E-06
 0.2398654E+02 0.1391026E-06 0.1424157E-06 0.1452215E-06 0.1476944E-06 0.1499264E-06 0.1519766E-06 0.1538806E-06 0.1556709E-06 0.1573604E-06 0.1589623E-06 0.1604989E-06 0.1619617E-06 0.1633632E-06
 0.2213280E+02 0.1417954E-06 0.1451468E-06 0.1479840E-06 0.1504840E-06 0.1527398E-06 0.1548115E-06 0.1567350E-06 0.1585434E-06 0.1602495E-06 0.1618670E-06 0.1634182E-06 0.1648948E-06 0.1663092E-06
 0.2042233E+02 0.1445986E-06 0.1479902E-06 0.1508605E-06 0.1533889E-06 0.1556699E-06 0.1577641E-06 0.1597083E-06 0.1615357E-06 0.1632595E-06 0.1648934E-06 0.1664602E-06 0.1679513E-06 0.1693794E-06
 0.1884405E+02 0.1475191E-06 0.1509528E-06 0.1538580E-06 0.1564164E-06 0.1587239E-06 0.1608420E-06 0.1628080E-06 0.1646555E-06 0.1663979E-06 0.1680492E-06 0.1696325E-06 0.1711391E-06 0.1725818E-06
 0.1738774E+02 0.1505638E-06 0.1540420E-06 0.1569838E-06 0.1595738E-06 0.1619093E-06 0.1640526E-06 0.1660416E-06 0.1679103E-06 0.1696725E-06 0.1713423E-06 0.1729430E-06 0.1744659E-06 0.1759241E-06
 0.1604398E+02 0.1537401E-06 0.1572650E-06 0.1602454E-06 0.1628688E-06 0.1652337E-06 0.1674037E-06 0.1694169E-06 0.1713082E-06 0.1730913E-06 0.1747806E-06 0.1763998E-06 0.1779401E-06 0.1794147E-06
 0.1480406E+02 0.1570556E-06 0.1606297E-06 0.1636508E-06 0.1663093E-06 0.1687054E-06 0.1709034E-06 0.1729423E-06 0.1748574E-06 0.1766626E-06 0.1783726E-06 0.1800113E-06 0.1815700E-06 0.1830620E-06
 0.1365997E+02 0.1605185E-06 0.1641444E-06 0.1672083E-06 0.1699039E-06 0.1723327E-06 0.1745604E-06 0.1766265E-06 0.1785666E-06 0.1803952E-06 0.1821271E-06 0.1837866E-06 0.1853648E-06 0.1868752E-06
 0.1260430E+02 0.1641374E-06 0.1678178E-06 0.1709269E-06 0.1736614E-06 0.1761249E-06 0.1783839E-06 0.1804786E-06 0.1824453E-06 0.1842986E-06 0.1860537E-06 0.1877351E-06 0.1893339E-06 0.1908639E-06
 0.1163021E+02 0.1679215E-06 0.1716593E-06 0.1748160E-06 0.1775916E-06 0.1800917E-06 0.1823837E-06 0.1845086E-06 0.1865033E-06 0.1883828E-06 0.1901623E-06 0.1918669E-06 0.1934875E-06 0.1950382E-06
 0.1073140E+02 0.1718808E-06 0.1756790E-06 0.1788857E-06 0.1817048E-06 0.1842433E-06 0.1865702E-06 0.1887270E-06 0.1907514E-06 0.1926584E-06 0.1944638E-06 0.1961930E-06 0.1978367E-06 0.1994093E-06
 0.9902056E+01 0.1760259E-06 0.1798876E-06 0.1831471E-06 0.1860119E-06 0.1885910E-06 0.1909547E-06 0.1931452E-06 0.1952009E-06 0.1971371E-06 0.1989698E-06 0.2007249E-06 0.2023931E-06 0.2039889E-06
 0.9136803E+01 0.1803681E-06 0.1842968E-06 0.1876119E-06 0.1905249E-06 0.1931469E-06 0.1955493E-06 0.1977754E-06 0.1998641E-06 0.2018312E-06 0.2036928E-06 0.2054753E-06 0.2071693E-06 0.2087896E-06
 0.8430690E+01 0.1849199E-06 0.1889191E-06 0.1922929E-06 0.1952566E-06 0.1979238E-06 0.2003672E-06 0.2026308E-06 0.2047544E-06 0.2067540E-06 0.2086462E-06 0.2104577E-06 0.2121790E-06 0.2138253E-06
 0.7779148E+01 0.1896945E-06 0.1937680E-06 0.1972036E-06 0.2002209E-06 0.2029358E-06 0.2054223E-06 0.2077257E-06 0.2098861E-06 0.2119200E-06 0.2138445E-06 0.2156866E-06 0.2174369E-06 0.2191106E-06
 0.7177958E+01 0.1947063E-06 0.1988582E-06 0.2023589E-06 0.2054328E-06 0.2081979E-06 0.2107301E-06 0.2130753E-06 0.2152746E-06 0.2173449E-06 0.2193034E-06 0.2211780E-06 0.2229588E-06 0.2246615E-06
 0.6623230E+01 0.1999709E-06 0.2042055E-06 0.2077749E-06 0.2109084E-06 0.2137266E-06 0.2163069E-06 0.2186963E-06 0.2209367E-06 0.2230454E-06 0.2250400E-06 0.2269488E-06 0.2287619E-06 0.2304953E-06
 0.6111372E+01 0.2055053E-06 0.2098269E-06 0.2134689E-06 0.2166653E-06 0.2195396E-06 0.2221707E-06 0.2246068E-06 0.2268906E-06 0.2290399E-06 0.2310726E-06 0.2330176E-06 0.2348649E-06 0.2366308E-06
 0.5639071E+01 0.2113276E-06 0.2157412E-06 0.2194597E-06 0.2227226E-06 0.2256560E-06 0.2283409E-06 0.2308263E-06 0.2331561E-06 0.2353482E-06 0.2374212E-06 0.2394045E-06 0.2412880E-06 0.2430882E-06
 0.5203272E+01 0.2174578E-06 0.2219685E-06 0.2257678E-06 0.2291009E-06 0.2320969E-06 0.2348386E-06 0.2373761E-06 0.2397544E-06 0.2419919E-06 0.2441076E-06 0.2461314E-06 0.2480531E-06 0.2498897E-06
 0.4801151E+01 0.2239175E-06 0.2285307E-06 0.2324154E-06 0.2358228E-06 0.2388849E-06 0.2416866E-06 0.2442793E-06 0.2467090E-06 0.2489945E-06 0.2511552E-06 0.2532219E-06 0.2551842E-06 0.2570592E-06
 0.4430108E+01 0.2307303E-06 0.2354519E-06 0.2394269E-06 0.2429127E-06 0.2460448E-06 0.2489100E-06 0.2515611E-06 0.2540450E-06 0.2563814E-06 0.2585898E-06 0.2607020E-06 0.2627071E-06 0.2646230E-06
 0.4087739E+01 0.2379219E-06 0.2427581E-06 0.2468286E-06 0.2503974E-06 0.2536035E-06 0.2565359E-06 0.2592488E-06 0.2617903E-06 0.2641804E-06 0.2664395E-06 0.2685997E-06 0.2706503E-06 0.2726094E-06
 0.3771829E+01 0.2455202E-06 0.2504777E-06 0.2546493E-06 0.2583061E-06 0.2615905E-06 0.2645942E-06 0.2673725E-06 0.2699750E-06 0.2724221E-06 0.2747347E-06 0.2769460E-06 0.2790447E-06 0.2810495E-06
 0.3480334E+01 0.2535559E-06 0.2586419E-06 0.2629207E-06 0.2666705E-06 0.2700380E-06 0.2731171E-06 0.2759648E-06 0.2786319E-06 0.2811395E-06 0.2835089E-06 0.2857742E-06 0.2879241E-06 0.2899775E-06